188,380
189,380
190,380
191,380
192,380
193,380
194,380
195,380
188,381
189,381
190,381
191,381
192,381
193,381
194,381
195,381
188,382
189,382
190,382
191,382
192,382
193,382
194,382
195,382
188,383
189,383
190,383
191,383
192,383
193,383
194,383
195,383
196,384
197,384
198,384
199,384
200,384
201,384
202,384
203,384
196,385
197,385
198,385
199,385
200,385
201,385
202,385
203,385
196,386
197,386
198,386
199,386
200,386
201,386
202,386
203,386
196,387
197,387
198,387
199,387
200,387
201,387
202,387
203,387
192,388
193,388
194,388
195,388
196,388
197,388
198,388
199,388
200,388
201,388
202,388
203,388
204,388
205,388
206,388
207,388
192,389
193,389
194,389
195,389
196,389
197,389
198,389
199,389
200,389
201,389
202,389
203,389
204,389
205,389
206,389
207,389
192,390
193,390
194,390
195,390
196,390
197,390
198,390
199,390
200,390
201,390
202,390
203,390
204,390
205,390
206,390
207,390
192,391
193,391
194,391
195,391
196,391
197,391
198,391
199,391
200,391
201,391
202,391
203,391
204,391
205,391
206,391
207,391
192,392
193,392
194,392
195,392
196,392
197,392
198,392
199,392
200,392
201,392
202,392
203,392
204,392
205,392
206,392
207,392
208,392
209,392
210,392
211,392
192,393
193,393
194,393
195,393
196,393
197,393
198,393
199,393
200,393
201,393
202,393
203,393
204,393
205,393
206,393
207,393
208,393
209,393
210,393
211,393
192,394
193,394
194,394
195,394
196,394
197,394
198,394
199,394
200,394
201,394
202,394
203,394
204,394
205,394
206,394
207,394
208,394
209,394
210,394
211,394
192,395
193,395
194,395
195,395
196,395
197,395
198,395
199,395
200,395
201,395
202,395
203,395
204,395
205,395
206,395
207,395
208,395
209,395
210,395
211,395
196,396
197,396
198,396
199,396
200,396
201,396
202,396
203,396
204,396
205,396
206,396
207,396
208,396
209,396
210,396
211,396
196,397
197,397
198,397
199,397
200,397
201,397
202,397
203,397
204,397
205,397
206,397
207,397
208,397
209,397
210,397
211,397
196,398
197,398
198,398
199,398
200,398
201,398
202,398
203,398
204,398
205,398
206,398
207,398
208,398
209,398
210,398
211,398
196,399
197,399
198,399
199,399
200,399
201,399
202,399
203,399
204,399
205,399
206,399
207,399
208,399
209,399
210,399
211,399
200,400
201,400
202,400
203,400
204,400
205,400
206,400
207,400
208,400
209,400
210,400
211,400
212,400
213,400
214,400
215,400
216,400
217,400
218,400
219,400
200,401
201,401
202,401
203,401
204,401
205,401
206,401
207,401
208,401
209,401
210,401
211,401
212,401
213,401
214,401
215,401
216,401
217,401
218,401
219,401
200,402
201,402
202,402
203,402
204,402
205,402
206,402
207,402
208,402
209,402
210,402
211,402
212,402
213,402
214,402
215,402
216,402
217,402
218,402
219,402
200,403
201,403
202,403
203,403
204,403
205,403
206,403
207,403
208,403
209,403
210,403
211,403
212,403
213,403
214,403
215,403
216,403
217,403
218,403
219,403
212,404
213,404
214,404
215,404
216,404
217,404
218,404
219,404
220,404
221,404
222,404
223,404
212,405
213,405
214,405
215,405
216,405
217,405
218,405
219,405
220,405
221,405
222,405
223,405
212,406
213,406
214,406
215,406
216,406
217,406
218,406
219,406
220,406
221,406
222,406
223,406
212,407
213,407
214,407
215,407
216,407
217,407
218,407
219,407
220,407
221,407
222,407
223,407
212,408
213,408
214,408
215,408
216,408
217,408
218,408
219,408
220,408
221,408
222,408
223,408
224,408
225,408
226,408
227,408
212,409
213,409
214,409
215,409
216,409
217,409
218,409
219,409
220,409
221,409
222,409
223,409
224,409
225,409
226,409
227,409
212,410
213,410
214,410
215,410
216,410
217,410
218,410
219,410
220,410
221,410
222,410
223,410
224,410
225,410
226,410
227,410
212,411
213,411
214,411
215,411
216,411
217,411
218,411
219,411
220,411
221,411
222,411
223,411
224,411
225,411
226,411
227,411
220,412
221,412
222,412
223,412
224,412
225,412
226,412
227,412
228,412
229,412
230,412
231,412
220,413
221,413
222,413
223,413
224,413
225,413
226,413
227,413
228,413
229,413
230,413
231,413
220,414
221,414
222,414
223,414
224,414
225,414
226,414
227,414
228,414
229,414
230,414
231,414
220,415
221,415
222,415
223,415
224,415
225,415
226,415
227,415
228,415
229,415
230,415
231,415
220,416
221,416
222,416
223,416
224,416
225,416
226,416
227,416
228,416
229,416
230,416
231,416
232,416
233,416
234,416
235,416
236,416
237,416
238,416
239,416
220,417
221,417
222,417
223,417
224,417
225,417
226,417
227,417
228,417
229,417
230,417
231,417
232,417
233,417
234,417
235,417
236,417
237,417
238,417
239,417
220,418
221,418
222,418
223,418
224,418
225,418
226,418
227,418
228,418
229,418
230,418
231,418
232,418
233,418
234,418
235,418
236,418
237,418
238,418
239,418
220,419
221,419
222,419
223,419
224,419
225,419
226,419
227,419
228,419
229,419
230,419
231,419
232,419
233,419
234,419
235,419
236,419
237,419
238,419
239,419
224,420
225,420
226,420
227,420
228,420
229,420
230,420
231,420
232,420
233,420
234,420
235,420
236,420
237,420
238,420
239,420
240,420
241,420
242,420
243,420
224,421
225,421
226,421
227,421
228,421
229,421
230,421
231,421
232,421
233,421
234,421
235,421
236,421
237,421
238,421
239,421
240,421
241,421
242,421
243,421
224,422
225,422
226,422
227,422
228,422
229,422
230,422
231,422
232,422
233,422
234,422
235,422
236,422
237,422
238,422
239,422
240,422
241,422
242,422
243,422
224,423
225,423
226,423
227,423
228,423
229,423
230,423
231,423
232,423
233,423
234,423
235,423
236,423
237,423
238,423
239,423
240,423
241,423
242,423
243,423
224,424
225,424
226,424
227,424
228,424
229,424
230,424
231,424
232,424
233,424
234,424
235,424
236,424
237,424
238,424
239,424
240,424
241,424
242,424
243,424
244,424
245,424
246,424
247,424
224,425
225,425
226,425
227,425
228,425
229,425
230,425
231,425
232,425
233,425
234,425
235,425
236,425
237,425
238,425
239,425
240,425
241,425
242,425
243,425
244,425
245,425
246,425
247,425
224,426
225,426
226,426
227,426
228,426
229,426
230,426
231,426
232,426
233,426
234,426
235,426
236,426
237,426
238,426
239,426
240,426
241,426
242,426
243,426
244,426
245,426
246,426
247,426
224,427
225,427
226,427
227,427
228,427
229,427
230,427
231,427
232,427
233,427
234,427
235,427
236,427
237,427
238,427
239,427
240,427
241,427
242,427
243,427
244,427
245,427
246,427
247,427
228,428
229,428
230,428
231,428
236,428
237,428
238,428
239,428
240,428
241,428
242,428
243,428
244,428
245,428
246,428
247,428
248,428
249,428
250,428
251,428
228,429
229,429
230,429
231,429
236,429
237,429
238,429
239,429
240,429
241,429
242,429
243,429
244,429
245,429
246,429
247,429
248,429
249,429
250,429
251,429
228,430
229,430
230,430
231,430
236,430
237,430
238,430
239,430
240,430
241,430
242,430
243,430
244,430
245,430
246,430
247,430
248,430
249,430
250,430
251,430
228,431
229,431
230,431
231,431
236,431
237,431
238,431
239,431
240,431
241,431
242,431
243,431
244,431
245,431
246,431
247,431
248,431
249,431
250,431
251,431
240,432
241,432
242,432
243,432
244,432
245,432
246,432
247,432
248,432
249,432
250,432
251,432
252,432
253,432
254,432
255,432
240,433
241,433
242,433
243,433
244,433
245,433
246,433
247,433
248,433
249,433
250,433
251,433
252,433
253,433
254,433
255,433
240,434
241,434
242,434
243,434
244,434
245,434
246,434
247,434
248,434
249,434
250,434
251,434
252,434
253,434
254,434
255,434
240,435
241,435
242,435
243,435
244,435
245,435
246,435
247,435
248,435
249,435
250,435
251,435
252,435
253,435
254,435
255,435
244,436
245,436
246,436
247,436
252,436
253,436
254,436
255,436
256,436
257,436
258,436
259,436
244,437
245,437
246,437
247,437
252,437
253,437
254,437
255,437
256,437
257,437
258,437
259,437
244,438
245,438
246,438
247,438
252,438
253,438
254,438
255,438
256,438
257,438
258,438
259,438
244,439
245,439
246,439
247,439
252,439
253,439
254,439
255,439
256,439
257,439
258,439
259,439
244,440
245,440
246,440
247,440
248,440
249,440
250,440
251,440
252,440
253,440
254,440
255,440
256,440
257,440
258,440
259,440
260,440
261,440
262,440
263,440
244,441
245,441
246,441
247,441
248,441
249,441
250,441
251,441
252,441
253,441
254,441
255,441
256,441
257,441
258,441
259,441
260,441
261,441
262,441
263,441
244,442
245,442
246,442
247,442
248,442
249,442
250,442
251,442
252,442
253,442
254,442
255,442
256,442
257,442
258,442
259,442
260,442
261,442
262,442
263,442
244,443
245,443
246,443
247,443
248,443
249,443
250,443
251,443
252,443
253,443
254,443
255,443
256,443
257,443
258,443
259,443
260,443
261,443
262,443
263,443
264,444
265,444
266,444
267,444
264,445
265,445
266,445
267,445
264,446
265,446
266,446
267,446
264,447
265,447
266,447
267,447
