516,164
517,164
518,164
519,164
520,164
521,164
522,164
523,164
516,165
517,165
518,165
519,165
520,165
521,165
522,165
523,165
516,166
517,166
518,166
519,166
520,166
521,166
522,166
523,166
516,167
517,167
518,167
519,167
520,167
521,167
522,167
523,167
516,168
517,168
518,168
519,168
520,168
521,168
522,168
523,168
524,168
525,168
526,168
527,168
528,168
529,168
530,168
531,168
532,168
533,168
534,168
535,168
536,168
537,168
538,168
539,168
516,169
517,169
518,169
519,169
520,169
521,169
522,169
523,169
524,169
525,169
526,169
527,169
528,169
529,169
530,169
531,169
532,169
533,169
534,169
535,169
536,169
537,169
538,169
539,169
516,170
517,170
518,170
519,170
520,170
521,170
522,170
523,170
524,170
525,170
526,170
527,170
528,170
529,170
530,170
531,170
532,170
533,170
534,170
535,170
536,170
537,170
538,170
539,170
516,171
517,171
518,171
519,171
520,171
521,171
522,171
523,171
524,171
525,171
526,171
527,171
528,171
529,171
530,171
531,171
532,171
533,171
534,171
535,171
536,171
537,171
538,171
539,171
516,172
517,172
518,172
519,172
520,172
521,172
522,172
523,172
524,172
525,172
526,172
527,172
528,172
529,172
530,172
531,172
532,172
533,172
534,172
535,172
536,172
537,172
538,172
539,172
540,172
541,172
542,172
543,172
544,172
545,172
546,172
547,172
548,172
549,172
550,172
551,172
516,173
517,173
518,173
519,173
520,173
521,173
522,173
523,173
524,173
525,173
526,173
527,173
528,173
529,173
530,173
531,173
532,173
533,173
534,173
535,173
536,173
537,173
538,173
539,173
540,173
541,173
542,173
543,173
544,173
545,173
546,173
547,173
548,173
549,173
550,173
551,173
516,174
517,174
518,174
519,174
520,174
521,174
522,174
523,174
524,174
525,174
526,174
527,174
528,174
529,174
530,174
531,174
532,174
533,174
534,174
535,174
536,174
537,174
538,174
539,174
540,174
541,174
542,174
543,174
544,174
545,174
546,174
547,174
548,174
549,174
550,174
551,174
516,175
517,175
518,175
519,175
520,175
521,175
522,175
523,175
524,175
525,175
526,175
527,175
528,175
529,175
530,175
531,175
532,175
533,175
534,175
535,175
536,175
537,175
538,175
539,175
540,175
541,175
542,175
543,175
544,175
545,175
546,175
547,175
548,175
549,175
550,175
551,175
512,176
513,176
514,176
515,176
516,176
517,176
518,176
519,176
520,176
521,176
522,176
523,176
524,176
525,176
526,176
527,176
528,176
529,176
530,176
531,176
532,176
533,176
534,176
535,176
536,176
537,176
538,176
539,176
540,176
541,176
542,176
543,176
544,176
545,176
546,176
547,176
548,176
549,176
550,176
551,176
552,176
553,176
554,176
555,176
512,177
513,177
514,177
515,177
516,177
517,177
518,177
519,177
520,177
521,177
522,177
523,177
524,177
525,177
526,177
527,177
528,177
529,177
530,177
531,177
532,177
533,177
534,177
535,177
536,177
537,177
538,177
539,177
540,177
541,177
542,177
543,177
544,177
545,177
546,177
547,177
548,177
549,177
550,177
551,177
552,177
553,177
554,177
555,177
512,178
513,178
514,178
515,178
516,178
517,178
518,178
519,178
520,178
521,178
522,178
523,178
524,178
525,178
526,178
527,178
528,178
529,178
530,178
531,178
532,178
533,178
534,178
535,178
536,178
537,178
538,178
539,178
540,178
541,178
542,178
543,178
544,178
545,178
546,178
547,178
548,178
549,178
550,178
551,178
552,178
553,178
554,178
555,178
512,179
513,179
514,179
515,179
516,179
517,179
518,179
519,179
520,179
521,179
522,179
523,179
524,179
525,179
526,179
527,179
528,179
529,179
530,179
531,179
532,179
533,179
534,179
535,179
536,179
537,179
538,179
539,179
540,179
541,179
542,179
543,179
544,179
545,179
546,179
547,179
548,179
549,179
550,179
551,179
552,179
553,179
554,179
555,179
512,180
513,180
514,180
515,180
516,180
517,180
518,180
519,180
520,180
521,180
522,180
523,180
524,180
525,180
526,180
527,180
528,180
529,180
530,180
531,180
532,180
533,180
534,180
535,180
536,180
537,180
538,180
539,180
540,180
541,180
542,180
543,180
544,180
545,180
546,180
547,180
548,180
549,180
550,180
551,180
552,180
553,180
554,180
555,180
512,181
513,181
514,181
515,181
516,181
517,181
518,181
519,181
520,181
521,181
522,181
523,181
524,181
525,181
526,181
527,181
528,181
529,181
530,181
531,181
532,181
533,181
534,181
535,181
536,181
537,181
538,181
539,181
540,181
541,181
542,181
543,181
544,181
545,181
546,181
547,181
548,181
549,181
550,181
551,181
552,181
553,181
554,181
555,181
512,182
513,182
514,182
515,182
516,182
517,182
518,182
519,182
520,182
521,182
522,182
523,182
524,182
525,182
526,182
527,182
528,182
529,182
530,182
531,182
532,182
533,182
534,182
535,182
536,182
537,182
538,182
539,182
540,182
541,182
542,182
543,182
544,182
545,182
546,182
547,182
548,182
549,182
550,182
551,182
552,182
553,182
554,182
555,182
512,183
513,183
514,183
515,183
516,183
517,183
518,183
519,183
520,183
521,183
522,183
523,183
524,183
525,183
526,183
527,183
528,183
529,183
530,183
531,183
532,183
533,183
534,183
535,183
536,183
537,183
538,183
539,183
540,183
541,183
542,183
543,183
544,183
545,183
546,183
547,183
548,183
549,183
550,183
551,183
552,183
553,183
554,183
555,183
508,184
509,184
510,184
511,184
512,184
513,184
514,184
515,184
516,184
517,184
518,184
519,184
520,184
521,184
522,184
523,184
524,184
525,184
526,184
527,184
528,184
529,184
530,184
531,184
532,184
533,184
534,184
535,184
536,184
537,184
538,184
539,184
540,184
541,184
542,184
543,184
544,184
545,184
546,184
547,184
548,184
549,184
550,184
551,184
508,185
509,185
510,185
511,185
512,185
513,185
514,185
515,185
516,185
517,185
518,185
519,185
520,185
521,185
522,185
523,185
524,185
525,185
526,185
527,185
528,185
529,185
530,185
531,185
532,185
533,185
534,185
535,185
536,185
537,185
538,185
539,185
540,185
541,185
542,185
543,185
544,185
545,185
546,185
547,185
548,185
549,185
550,185
551,185
508,186
509,186
510,186
511,186
512,186
513,186
514,186
515,186
516,186
517,186
518,186
519,186
520,186
521,186
522,186
523,186
524,186
525,186
526,186
527,186
528,186
529,186
530,186
531,186
532,186
533,186
534,186
535,186
536,186
537,186
538,186
539,186
540,186
541,186
542,186
543,186
544,186
545,186
546,186
547,186
548,186
549,186
550,186
551,186
508,187
509,187
510,187
511,187
512,187
513,187
514,187
515,187
516,187
517,187
518,187
519,187
520,187
521,187
522,187
523,187
524,187
525,187
526,187
527,187
528,187
529,187
530,187
531,187
532,187
533,187
534,187
535,187
536,187
537,187
538,187
539,187
540,187
541,187
542,187
543,187
544,187
545,187
546,187
547,187
548,187
549,187
550,187
551,187
512,188
513,188
514,188
515,188
516,188
517,188
518,188
519,188
520,188
521,188
522,188
523,188
524,188
525,188
526,188
527,188
528,188
529,188
530,188
531,188
532,188
533,188
534,188
535,188
536,188
537,188
538,188
539,188
540,188
541,188
542,188
543,188
544,188
545,188
546,188
547,188
512,189
513,189
514,189
515,189
516,189
517,189
518,189
519,189
520,189
521,189
522,189
523,189
524,189
525,189
526,189
527,189
528,189
529,189
530,189
531,189
532,189
533,189
534,189
535,189
536,189
537,189
538,189
539,189
540,189
541,189
542,189
543,189
544,189
545,189
546,189
547,189
512,190
513,190
514,190
515,190
516,190
517,190
518,190
519,190
520,190
521,190
522,190
523,190
524,190
525,190
526,190
527,190
528,190
529,190
530,190
531,190
532,190
533,190
534,190
535,190
536,190
537,190
538,190
539,190
540,190
541,190
542,190
543,190
544,190
545,190
546,190
547,190
512,191
513,191
514,191
515,191
516,191
517,191
518,191
519,191
520,191
521,191
522,191
523,191
524,191
525,191
526,191
527,191
528,191
529,191
530,191
531,191
532,191
533,191
534,191
535,191
536,191
537,191
538,191
539,191
540,191
541,191
542,191
543,191
544,191
545,191
546,191
547,191
476,192
477,192
478,192
479,192
480,192
481,192
482,192
483,192
484,192
485,192
486,192
487,192
488,192
489,192
490,192
491,192
512,192
513,192
514,192
515,192
516,192
517,192
518,192
519,192
520,192
521,192
522,192
523,192
524,192
525,192
526,192
527,192
528,192
529,192
530,192
531,192
532,192
533,192
534,192
535,192
536,192
537,192
538,192
539,192
540,192
541,192
542,192
543,192
544,192
545,192
546,192
547,192
476,193
477,193
478,193
479,193
480,193
481,193
482,193
483,193
484,193
485,193
486,193
487,193
488,193
489,193
490,193
491,193
512,193
513,193
514,193
515,193
516,193
517,193
518,193
519,193
520,193
521,193
522,193
523,193
524,193
525,193
526,193
527,193
528,193
529,193
530,193
531,193
532,193
533,193
534,193
535,193
536,193
537,193
538,193
539,193
540,193
541,193
542,193
543,193
544,193
545,193
546,193
547,193
476,194
477,194
478,194
479,194
480,194
481,194
482,194
483,194
484,194
485,194
486,194
487,194
488,194
489,194
490,194
491,194
512,194
513,194
514,194
515,194
516,194
517,194
518,194
519,194
520,194
521,194
522,194
523,194
524,194
525,194
526,194
527,194
528,194
529,194
530,194
531,194
532,194
533,194
534,194
535,194
536,194
537,194
538,194
539,194
540,194
541,194
542,194
543,194
544,194
545,194
546,194
547,194
476,195
477,195
478,195
479,195
480,195
481,195
482,195
483,195
484,195
485,195
486,195
487,195
488,195
489,195
490,195
491,195
512,195
513,195
514,195
515,195
516,195
517,195
518,195
519,195
520,195
521,195
522,195
523,195
524,195
525,195
526,195
527,195
528,195
529,195
530,195
531,195
532,195
533,195
534,195
535,195
536,195
537,195
538,195
539,195
540,195
541,195
542,195
543,195
544,195
545,195
546,195
547,195
472,196
473,196
474,196
475,196
476,196
477,196
478,196
479,196
480,196
481,196
482,196
483,196
484,196
485,196
486,196
487,196
488,196
489,196
490,196
491,196
492,196
493,196
494,196
495,196
504,196
505,196
506,196
507,196
508,196
509,196
510,196
511,196
512,196
513,196
514,196
515,196
516,196
517,196
518,196
519,196
520,196
521,196
522,196
523,196
524,196
525,196
526,196
527,196
528,196
529,196
530,196
531,196
532,196
533,196
534,196
535,196
536,196
537,196
538,196
539,196
540,196
541,196
542,196
543,196
544,196
545,196
546,196
547,196
472,197
473,197
474,197
475,197
476,197
477,197
478,197
479,197
480,197
481,197
482,197
483,197
484,197
485,197
486,197
487,197
488,197
489,197
490,197
491,197
492,197
493,197
494,197
495,197
504,197
505,197
506,197
507,197
508,197
509,197
510,197
511,197
512,197
513,197
514,197
515,197
516,197
517,197
518,197
519,197
520,197
521,197
522,197
523,197
524,197
525,197
526,197
527,197
528,197
529,197
530,197
531,197
532,197
533,197
534,197
535,197
536,197
537,197
538,197
539,197
540,197
541,197
542,197
543,197
544,197
545,197
546,197
547,197
472,198
473,198
474,198
475,198
476,198
477,198
478,198
479,198
480,198
481,198
482,198
483,198
484,198
485,198
486,198
487,198
488,198
489,198
490,198
491,198
492,198
493,198
494,198
495,198
504,198
505,198
506,198
507,198
508,198
509,198
510,198
511,198
512,198
513,198
514,198
515,198
516,198
517,198
518,198
519,198
520,198
521,198
522,198
523,198
524,198
525,198
526,198
527,198
528,198
529,198
530,198
531,198
532,198
533,198
534,198
535,198
536,198
537,198
538,198
539,198
540,198
541,198
542,198
543,198
544,198
545,198
546,198
547,198
472,199
473,199
474,199
475,199
476,199
477,199
478,199
479,199
480,199
481,199
482,199
483,199
484,199
485,199
486,199
487,199
488,199
489,199
490,199
491,199
492,199
493,199
494,199
495,199
504,199
505,199
506,199
507,199
508,199
509,199
510,199
511,199
512,199
513,199
514,199
515,199
516,199
517,199
518,199
519,199
520,199
521,199
522,199
523,199
524,199
525,199
526,199
527,199
528,199
529,199
530,199
531,199
532,199
533,199
534,199
535,199
536,199
537,199
538,199
539,199
540,199
541,199
542,199
543,199
544,199
545,199
546,199
547,199
468,200
469,200
470,200
471,200
472,200
473,200
474,200
475,200
476,200
477,200
478,200
479,200
480,200
481,200
482,200
483,200
484,200
485,200
486,200
487,200
488,200
489,200
490,200
491,200
492,200
493,200
494,200
495,200
496,200
497,200
498,200
499,200
500,200
501,200
502,200
503,200
504,200
505,200
506,200
507,200
508,200
509,200
510,200
511,200
512,200
513,200
514,200
515,200
516,200
517,200
518,200
519,200
520,200
521,200
522,200
523,200
524,200
525,200
526,200
527,200
528,200
529,200
530,200
531,200
532,200
533,200
534,200
535,200
536,200
537,200
538,200
539,200
540,200
541,200
542,200
543,200
544,200
545,200
546,200
547,200
468,201
469,201
470,201
471,201
472,201
473,201
474,201
475,201
476,201
477,201
478,201
479,201
480,201
481,201
482,201
483,201
484,201
485,201
486,201
487,201
488,201
489,201
490,201
491,201
492,201
493,201
494,201
495,201
496,201
497,201
498,201
499,201
500,201
501,201
502,201
503,201
504,201
505,201
506,201
507,201
508,201
509,201
510,201
511,201
512,201
513,201
514,201
515,201
516,201
517,201
518,201
519,201
520,201
521,201
522,201
523,201
524,201
525,201
526,201
527,201
528,201
529,201
530,201
531,201
532,201
533,201
534,201
535,201
536,201
537,201
538,201
539,201
540,201
541,201
542,201
543,201
544,201
545,201
546,201
547,201
468,202
469,202
470,202
471,202
472,202
473,202
474,202
475,202
476,202
477,202
478,202
479,202
480,202
481,202
482,202
483,202
484,202
485,202
486,202
487,202
488,202
489,202
490,202
491,202
492,202
493,202
494,202
495,202
496,202
497,202
498,202
499,202
500,202
501,202
502,202
503,202
504,202
505,202
506,202
507,202
508,202
509,202
510,202
511,202
512,202
513,202
514,202
515,202
516,202
517,202
518,202
519,202
520,202
521,202
522,202
523,202
524,202
525,202
526,202
527,202
528,202
529,202
530,202
531,202
532,202
533,202
534,202
535,202
536,202
537,202
538,202
539,202
540,202
541,202
542,202
543,202
544,202
545,202
546,202
547,202
468,203
469,203
470,203
471,203
472,203
473,203
474,203
475,203
476,203
477,203
478,203
479,203
480,203
481,203
482,203
483,203
484,203
485,203
486,203
487,203
488,203
489,203
490,203
491,203
492,203
493,203
494,203
495,203
496,203
497,203
498,203
499,203
500,203
501,203
502,203
503,203
504,203
505,203
506,203
507,203
508,203
509,203
510,203
511,203
512,203
513,203
514,203
515,203
516,203
517,203
518,203
519,203
520,203
521,203
522,203
523,203
524,203
525,203
526,203
527,203
528,203
529,203
530,203
531,203
532,203
533,203
534,203
535,203
536,203
537,203
538,203
539,203
540,203
541,203
542,203
543,203
544,203
545,203
546,203
547,203
464,204
465,204
466,204
467,204
468,204
469,204
470,204
471,204
472,204
473,204
474,204
475,204
476,204
477,204
478,204
479,204
480,204
481,204
482,204
483,204
484,204
485,204
486,204
487,204
488,204
489,204
490,204
491,204
492,204
493,204
494,204
495,204
496,204
497,204
498,204
499,204
500,204
501,204
502,204
503,204
504,204
505,204
506,204
507,204
508,204
509,204
510,204
511,204
512,204
513,204
514,204
515,204
516,204
517,204
518,204
519,204
520,204
521,204
522,204
523,204
524,204
525,204
526,204
527,204
528,204
529,204
530,204
531,204
532,204
533,204
534,204
535,204
536,204
537,204
538,204
539,204
540,204
541,204
542,204
543,204
544,204
545,204
546,204
547,204
464,205
465,205
466,205
467,205
468,205
469,205
470,205
471,205
472,205
473,205
474,205
475,205
476,205
477,205
478,205
479,205
480,205
481,205
482,205
483,205
484,205
485,205
486,205
487,205
488,205
489,205
490,205
491,205
492,205
493,205
494,205
495,205
496,205
497,205
498,205
499,205
500,205
501,205
502,205
503,205
504,205
505,205
506,205
507,205
508,205
509,205
510,205
511,205
512,205
513,205
514,205
515,205
516,205
517,205
518,205
519,205
520,205
521,205
522,205
523,205
524,205
525,205
526,205
527,205
528,205
529,205
530,205
531,205
532,205
533,205
534,205
535,205
536,205
537,205
538,205
539,205
540,205
541,205
542,205
543,205
544,205
545,205
546,205
547,205
464,206
465,206
466,206
467,206
468,206
469,206
470,206
471,206
472,206
473,206
474,206
475,206
476,206
477,206
478,206
479,206
480,206
481,206
482,206
483,206
484,206
485,206
486,206
487,206
488,206
489,206
490,206
491,206
492,206
493,206
494,206
495,206
496,206
497,206
498,206
499,206
500,206
501,206
502,206
503,206
504,206
505,206
506,206
507,206
508,206
509,206
510,206
511,206
512,206
513,206
514,206
515,206
516,206
517,206
518,206
519,206
520,206
521,206
522,206
523,206
524,206
525,206
526,206
527,206
528,206
529,206
530,206
531,206
532,206
533,206
534,206
535,206
536,206
537,206
538,206
539,206
540,206
541,206
542,206
543,206
544,206
545,206
546,206
547,206
464,207
465,207
466,207
467,207
468,207
469,207
470,207
471,207
472,207
473,207
474,207
475,207
476,207
477,207
478,207
479,207
480,207
481,207
482,207
483,207
484,207
485,207
486,207
487,207
488,207
489,207
490,207
491,207
492,207
493,207
494,207
495,207
496,207
497,207
498,207
499,207
500,207
501,207
502,207
503,207
504,207
505,207
506,207
507,207
508,207
509,207
510,207
511,207
512,207
513,207
514,207
515,207
516,207
517,207
518,207
519,207
520,207
521,207
522,207
523,207
524,207
525,207
526,207
527,207
528,207
529,207
530,207
531,207
532,207
533,207
534,207
535,207
536,207
537,207
538,207
539,207
540,207
541,207
542,207
543,207
544,207
545,207
546,207
547,207
464,208
465,208
466,208
467,208
468,208
469,208
470,208
471,208
472,208
473,208
474,208
475,208
476,208
477,208
478,208
479,208
480,208
481,208
482,208
483,208
484,208
485,208
486,208
487,208
488,208
489,208
490,208
491,208
492,208
493,208
494,208
495,208
496,208
497,208
498,208
499,208
500,208
501,208
502,208
503,208
504,208
505,208
506,208
507,208
508,208
509,208
510,208
511,208
512,208
513,208
514,208
515,208
516,208
517,208
518,208
519,208
520,208
521,208
522,208
523,208
524,208
525,208
526,208
527,208
528,208
529,208
530,208
531,208
532,208
533,208
534,208
535,208
536,208
537,208
538,208
539,208
540,208
541,208
542,208
543,208
544,208
545,208
546,208
547,208
464,209
465,209
466,209
467,209
468,209
469,209
470,209
471,209
472,209
473,209
474,209
475,209
476,209
477,209
478,209
479,209
480,209
481,209
482,209
483,209
484,209
485,209
486,209
487,209
488,209
489,209
490,209
491,209
492,209
493,209
494,209
495,209
496,209
497,209
498,209
499,209
500,209
501,209
502,209
503,209
504,209
505,209
506,209
507,209
508,209
509,209
510,209
511,209
512,209
513,209
514,209
515,209
516,209
517,209
518,209
519,209
520,209
521,209
522,209
523,209
524,209
525,209
526,209
527,209
528,209
529,209
530,209
531,209
532,209
533,209
534,209
535,209
536,209
537,209
538,209
539,209
540,209
541,209
542,209
543,209
544,209
545,209
546,209
547,209
464,210
465,210
466,210
467,210
468,210
469,210
470,210
471,210
472,210
473,210
474,210
475,210
476,210
477,210
478,210
479,210
480,210
481,210
482,210
483,210
484,210
485,210
486,210
487,210
488,210
489,210
490,210
491,210
492,210
493,210
494,210
495,210
496,210
497,210
498,210
499,210
500,210
501,210
502,210
503,210
504,210
505,210
506,210
507,210
508,210
509,210
510,210
511,210
512,210
513,210
514,210
515,210
516,210
517,210
518,210
519,210
520,210
521,210
522,210
523,210
524,210
525,210
526,210
527,210
528,210
529,210
530,210
531,210
532,210
533,210
534,210
535,210
536,210
537,210
538,210
539,210
540,210
541,210
542,210
543,210
544,210
545,210
546,210
547,210
464,211
465,211
466,211
467,211
468,211
469,211
470,211
471,211
472,211
473,211
474,211
475,211
476,211
477,211
478,211
479,211
480,211
481,211
482,211
483,211
484,211
485,211
486,211
487,211
488,211
489,211
490,211
491,211
492,211
493,211
494,211
495,211
496,211
497,211
498,211
499,211
500,211
501,211
502,211
503,211
504,211
505,211
506,211
507,211
508,211
509,211
510,211
511,211
512,211
513,211
514,211
515,211
516,211
517,211
518,211
519,211
520,211
521,211
522,211
523,211
524,211
525,211
526,211
527,211
528,211
529,211
530,211
531,211
532,211
533,211
534,211
535,211
536,211
537,211
538,211
539,211
540,211
541,211
542,211
543,211
544,211
545,211
546,211
547,211
468,212
469,212
470,212
471,212
472,212
473,212
474,212
475,212
476,212
477,212
478,212
479,212
480,212
481,212
482,212
483,212
484,212
485,212
486,212
487,212
488,212
489,212
490,212
491,212
492,212
493,212
494,212
495,212
496,212
497,212
498,212
499,212
500,212
501,212
502,212
503,212
504,212
505,212
506,212
507,212
508,212
509,212
510,212
511,212
512,212
513,212
514,212
515,212
516,212
517,212
518,212
519,212
520,212
521,212
522,212
523,212
524,212
525,212
526,212
527,212
528,212
529,212
530,212
531,212
540,212
541,212
542,212
543,212
548,212
549,212
550,212
551,212
468,213
469,213
470,213
471,213
472,213
473,213
474,213
475,213
476,213
477,213
478,213
479,213
480,213
481,213
482,213
483,213
484,213
485,213
486,213
487,213
488,213
489,213
490,213
491,213
492,213
493,213
494,213
495,213
496,213
497,213
498,213
499,213
500,213
501,213
502,213
503,213
504,213
505,213
506,213
507,213
508,213
509,213
510,213
511,213
512,213
513,213
514,213
515,213
516,213
517,213
518,213
519,213
520,213
521,213
522,213
523,213
524,213
525,213
526,213
527,213
528,213
529,213
530,213
531,213
540,213
541,213
542,213
543,213
548,213
549,213
550,213
551,213
468,214
469,214
470,214
471,214
472,214
473,214
474,214
475,214
476,214
477,214
478,214
479,214
480,214
481,214
482,214
483,214
484,214
485,214
486,214
487,214
488,214
489,214
490,214
491,214
492,214
493,214
494,214
495,214
496,214
497,214
498,214
499,214
500,214
501,214
502,214
503,214
504,214
505,214
506,214
507,214
508,214
509,214
510,214
511,214
512,214
513,214
514,214
515,214
516,214
517,214
518,214
519,214
520,214
521,214
522,214
523,214
524,214
525,214
526,214
527,214
528,214
529,214
530,214
531,214
540,214
541,214
542,214
543,214
548,214
549,214
550,214
551,214
468,215
469,215
470,215
471,215
472,215
473,215
474,215
475,215
476,215
477,215
478,215
479,215
480,215
481,215
482,215
483,215
484,215
485,215
486,215
487,215
488,215
489,215
490,215
491,215
492,215
493,215
494,215
495,215
496,215
497,215
498,215
499,215
500,215
501,215
502,215
503,215
504,215
505,215
506,215
507,215
508,215
509,215
510,215
511,215
512,215
513,215
514,215
515,215
516,215
517,215
518,215
519,215
520,215
521,215
522,215
523,215
524,215
525,215
526,215
527,215
528,215
529,215
530,215
531,215
540,215
541,215
542,215
543,215
548,215
549,215
550,215
551,215
504,216
505,216
506,216
507,216
508,216
509,216
510,216
511,216
512,216
513,216
514,216
515,216
516,216
517,216
518,216
519,216
528,216
529,216
530,216
531,216
532,216
533,216
534,216
535,216
536,216
537,216
538,216
539,216
540,216
541,216
542,216
543,216
544,216
545,216
546,216
547,216
504,217
505,217
506,217
507,217
508,217
509,217
510,217
511,217
512,217
513,217
514,217
515,217
516,217
517,217
518,217
519,217
528,217
529,217
530,217
531,217
532,217
533,217
534,217
535,217
536,217
537,217
538,217
539,217
540,217
541,217
542,217
543,217
544,217
545,217
546,217
547,217
504,218
505,218
506,218
507,218
508,218
509,218
510,218
511,218
512,218
513,218
514,218
515,218
516,218
517,218
518,218
519,218
528,218
529,218
530,218
531,218
532,218
533,218
534,218
535,218
536,218
537,218
538,218
539,218
540,218
541,218
542,218
543,218
544,218
545,218
546,218
547,218
504,219
505,219
506,219
507,219
508,219
509,219
510,219
511,219
512,219
513,219
514,219
515,219
516,219
517,219
518,219
519,219
528,219
529,219
530,219
531,219
532,219
533,219
534,219
535,219
536,219
537,219
538,219
539,219
540,219
541,219
542,219
543,219
544,219
545,219
546,219
547,219
504,220
505,220
506,220
507,220
508,220
509,220
510,220
511,220
512,220
513,220
514,220
515,220
516,220
517,220
518,220
519,220
520,220
521,220
522,220
523,220
524,220
525,220
526,220
527,220
528,220
529,220
530,220
531,220
532,220
533,220
534,220
535,220
536,220
537,220
538,220
539,220
540,220
541,220
542,220
543,220
504,221
505,221
506,221
507,221
508,221
509,221
510,221
511,221
512,221
513,221
514,221
515,221
516,221
517,221
518,221
519,221
520,221
521,221
522,221
523,221
524,221
525,221
526,221
527,221
528,221
529,221
530,221
531,221
532,221
533,221
534,221
535,221
536,221
537,221
538,221
539,221
540,221
541,221
542,221
543,221
504,222
505,222
506,222
507,222
508,222
509,222
510,222
511,222
512,222
513,222
514,222
515,222
516,222
517,222
518,222
519,222
520,222
521,222
522,222
523,222
524,222
525,222
526,222
527,222
528,222
529,222
530,222
531,222
532,222
533,222
534,222
535,222
536,222
537,222
538,222
539,222
540,222
541,222
542,222
543,222
504,223
505,223
506,223
507,223
508,223
509,223
510,223
511,223
512,223
513,223
514,223
515,223
516,223
517,223
518,223
519,223
520,223
521,223
522,223
523,223
524,223
525,223
526,223
527,223
528,223
529,223
530,223
531,223
532,223
533,223
534,223
535,223
536,223
537,223
538,223
539,223
540,223
541,223
542,223
543,223
512,224
513,224
514,224
515,224
516,224
517,224
518,224
519,224
520,224
521,224
522,224
523,224
524,224
525,224
526,224
527,224
528,224
529,224
530,224
531,224
532,224
533,224
534,224
535,224
512,225
513,225
514,225
515,225
516,225
517,225
518,225
519,225
520,225
521,225
522,225
523,225
524,225
525,225
526,225
527,225
528,225
529,225
530,225
531,225
532,225
533,225
534,225
535,225
512,226
513,226
514,226
515,226
516,226
517,226
518,226
519,226
520,226
521,226
522,226
523,226
524,226
525,226
526,226
527,226
528,226
529,226
530,226
531,226
532,226
533,226
534,226
535,226
512,227
513,227
514,227
515,227
516,227
517,227
518,227
519,227
520,227
521,227
522,227
523,227
524,227
525,227
526,227
527,227
528,227
529,227
530,227
531,227
532,227
533,227
534,227
535,227
512,228
513,228
514,228
515,228
520,228
521,228
522,228
523,228
512,229
513,229
514,229
515,229
520,229
521,229
522,229
523,229
512,230
513,230
514,230
515,230
520,230
521,230
522,230
523,230
512,231
513,231
514,231
515,231
520,231
521,231
522,231
523,231
