624,88
625,88
626,88
627,88
628,88
629,88
630,88
631,88
632,88
633,88
634,88
635,88
624,89
625,89
626,89
627,89
628,89
629,89
630,89
631,89
632,89
633,89
634,89
635,89
624,90
625,90
626,90
627,90
628,90
629,90
630,90
631,90
632,90
633,90
634,90
635,90
624,91
625,91
626,91
627,91
628,91
629,91
630,91
631,91
632,91
633,91
634,91
635,91
568,92
569,92
570,92
571,92
572,92
573,92
574,92
575,92
576,92
577,92
578,92
579,92
580,92
581,92
582,92
583,92
588,92
589,92
590,92
591,92
592,92
593,92
594,92
595,92
596,92
597,92
598,92
599,92
600,92
601,92
602,92
603,92
604,92
605,92
606,92
607,92
608,92
609,92
610,92
611,92
612,92
613,92
614,92
615,92
616,92
617,92
618,92
619,92
620,92
621,92
622,92
623,92
624,92
625,92
626,92
627,92
628,92
629,92
630,92
631,92
632,92
633,92
634,92
635,92
568,93
569,93
570,93
571,93
572,93
573,93
574,93
575,93
576,93
577,93
578,93
579,93
580,93
581,93
582,93
583,93
588,93
589,93
590,93
591,93
592,93
593,93
594,93
595,93
596,93
597,93
598,93
599,93
600,93
601,93
602,93
603,93
604,93
605,93
606,93
607,93
608,93
609,93
610,93
611,93
612,93
613,93
614,93
615,93
616,93
617,93
618,93
619,93
620,93
621,93
622,93
623,93
624,93
625,93
626,93
627,93
628,93
629,93
630,93
631,93
632,93
633,93
634,93
635,93
568,94
569,94
570,94
571,94
572,94
573,94
574,94
575,94
576,94
577,94
578,94
579,94
580,94
581,94
582,94
583,94
588,94
589,94
590,94
591,94
592,94
593,94
594,94
595,94
596,94
597,94
598,94
599,94
600,94
601,94
602,94
603,94
604,94
605,94
606,94
607,94
608,94
609,94
610,94
611,94
612,94
613,94
614,94
615,94
616,94
617,94
618,94
619,94
620,94
621,94
622,94
623,94
624,94
625,94
626,94
627,94
628,94
629,94
630,94
631,94
632,94
633,94
634,94
635,94
568,95
569,95
570,95
571,95
572,95
573,95
574,95
575,95
576,95
577,95
578,95
579,95
580,95
581,95
582,95
583,95
588,95
589,95
590,95
591,95
592,95
593,95
594,95
595,95
596,95
597,95
598,95
599,95
600,95
601,95
602,95
603,95
604,95
605,95
606,95
607,95
608,95
609,95
610,95
611,95
612,95
613,95
614,95
615,95
616,95
617,95
618,95
619,95
620,95
621,95
622,95
623,95
624,95
625,95
626,95
627,95
628,95
629,95
630,95
631,95
632,95
633,95
634,95
635,95
568,96
569,96
570,96
571,96
572,96
573,96
574,96
575,96
576,96
577,96
578,96
579,96
580,96
581,96
582,96
583,96
584,96
585,96
586,96
587,96
588,96
589,96
590,96
591,96
592,96
593,96
594,96
595,96
596,96
597,96
598,96
599,96
600,96
601,96
602,96
603,96
604,96
605,96
606,96
607,96
608,96
609,96
610,96
611,96
612,96
613,96
614,96
615,96
616,96
617,96
618,96
619,96
620,96
621,96
622,96
623,96
624,96
625,96
626,96
627,96
628,96
629,96
630,96
631,96
632,96
633,96
634,96
635,96
568,97
569,97
570,97
571,97
572,97
573,97
574,97
575,97
576,97
577,97
578,97
579,97
580,97
581,97
582,97
583,97
584,97
585,97
586,97
587,97
588,97
589,97
590,97
591,97
592,97
593,97
594,97
595,97
596,97
597,97
598,97
599,97
600,97
601,97
602,97
603,97
604,97
605,97
606,97
607,97
608,97
609,97
610,97
611,97
612,97
613,97
614,97
615,97
616,97
617,97
618,97
619,97
620,97
621,97
622,97
623,97
624,97
625,97
626,97
627,97
628,97
629,97
630,97
631,97
632,97
633,97
634,97
635,97
568,98
569,98
570,98
571,98
572,98
573,98
574,98
575,98
576,98
577,98
578,98
579,98
580,98
581,98
582,98
583,98
584,98
585,98
586,98
587,98
588,98
589,98
590,98
591,98
592,98
593,98
594,98
595,98
596,98
597,98
598,98
599,98
600,98
601,98
602,98
603,98
604,98
605,98
606,98
607,98
608,98
609,98
610,98
611,98
612,98
613,98
614,98
615,98
616,98
617,98
618,98
619,98
620,98
621,98
622,98
623,98
624,98
625,98
626,98
627,98
628,98
629,98
630,98
631,98
632,98
633,98
634,98
635,98
568,99
569,99
570,99
571,99
572,99
573,99
574,99
575,99
576,99
577,99
578,99
579,99
580,99
581,99
582,99
583,99
584,99
585,99
586,99
587,99
588,99
589,99
590,99
591,99
592,99
593,99
594,99
595,99
596,99
597,99
598,99
599,99
600,99
601,99
602,99
603,99
604,99
605,99
606,99
607,99
608,99
609,99
610,99
611,99
612,99
613,99
614,99
615,99
616,99
617,99
618,99
619,99
620,99
621,99
622,99
623,99
624,99
625,99
626,99
627,99
628,99
629,99
630,99
631,99
632,99
633,99
634,99
635,99
568,100
569,100
570,100
571,100
572,100
573,100
574,100
575,100
576,100
577,100
578,100
579,100
580,100
581,100
582,100
583,100
584,100
585,100
586,100
587,100
588,100
589,100
590,100
591,100
592,100
593,100
594,100
595,100
596,100
597,100
598,100
599,100
600,100
601,100
602,100
603,100
604,100
605,100
606,100
607,100
608,100
609,100
610,100
611,100
612,100
613,100
614,100
615,100
616,100
617,100
618,100
619,100
620,100
621,100
622,100
623,100
624,100
625,100
626,100
627,100
628,100
629,100
630,100
631,100
632,100
633,100
634,100
635,100
568,101
569,101
570,101
571,101
572,101
573,101
574,101
575,101
576,101
577,101
578,101
579,101
580,101
581,101
582,101
583,101
584,101
585,101
586,101
587,101
588,101
589,101
590,101
591,101
592,101
593,101
594,101
595,101
596,101
597,101
598,101
599,101
600,101
601,101
602,101
603,101
604,101
605,101
606,101
607,101
608,101
609,101
610,101
611,101
612,101
613,101
614,101
615,101
616,101
617,101
618,101
619,101
620,101
621,101
622,101
623,101
624,101
625,101
626,101
627,101
628,101
629,101
630,101
631,101
632,101
633,101
634,101
635,101
568,102
569,102
570,102
571,102
572,102
573,102
574,102
575,102
576,102
577,102
578,102
579,102
580,102
581,102
582,102
583,102
584,102
585,102
586,102
587,102
588,102
589,102
590,102
591,102
592,102
593,102
594,102
595,102
596,102
597,102
598,102
599,102
600,102
601,102
602,102
603,102
604,102
605,102
606,102
607,102
608,102
609,102
610,102
611,102
612,102
613,102
614,102
615,102
616,102
617,102
618,102
619,102
620,102
621,102
622,102
623,102
624,102
625,102
626,102
627,102
628,102
629,102
630,102
631,102
632,102
633,102
634,102
635,102
568,103
569,103
570,103
571,103
572,103
573,103
574,103
575,103
576,103
577,103
578,103
579,103
580,103
581,103
582,103
583,103
584,103
585,103
586,103
587,103
588,103
589,103
590,103
591,103
592,103
593,103
594,103
595,103
596,103
597,103
598,103
599,103
600,103
601,103
602,103
603,103
604,103
605,103
606,103
607,103
608,103
609,103
610,103
611,103
612,103
613,103
614,103
615,103
616,103
617,103
618,103
619,103
620,103
621,103
622,103
623,103
624,103
625,103
626,103
627,103
628,103
629,103
630,103
631,103
632,103
633,103
634,103
635,103
564,104
565,104
566,104
567,104
568,104
569,104
570,104
571,104
572,104
573,104
574,104
575,104
576,104
577,104
578,104
579,104
580,104
581,104
582,104
583,104
584,104
585,104
586,104
587,104
588,104
589,104
590,104
591,104
592,104
593,104
594,104
595,104
596,104
597,104
598,104
599,104
600,104
601,104
602,104
603,104
604,104
605,104
606,104
607,104
608,104
609,104
610,104
611,104
612,104
613,104
614,104
615,104
616,104
617,104
618,104
619,104
620,104
621,104
622,104
623,104
624,104
625,104
626,104
627,104
628,104
629,104
630,104
631,104
632,104
633,104
634,104
635,104
564,105
565,105
566,105
567,105
568,105
569,105
570,105
571,105
572,105
573,105
574,105
575,105
576,105
577,105
578,105
579,105
580,105
581,105
582,105
583,105
584,105
585,105
586,105
587,105
588,105
589,105
590,105
591,105
592,105
593,105
594,105
595,105
596,105
597,105
598,105
599,105
600,105
601,105
602,105
603,105
604,105
605,105
606,105
607,105
608,105
609,105
610,105
611,105
612,105
613,105
614,105
615,105
616,105
617,105
618,105
619,105
620,105
621,105
622,105
623,105
624,105
625,105
626,105
627,105
628,105
629,105
630,105
631,105
632,105
633,105
634,105
635,105
564,106
565,106
566,106
567,106
568,106
569,106
570,106
571,106
572,106
573,106
574,106
575,106
576,106
577,106
578,106
579,106
580,106
581,106
582,106
583,106
584,106
585,106
586,106
587,106
588,106
589,106
590,106
591,106
592,106
593,106
594,106
595,106
596,106
597,106
598,106
599,106
600,106
601,106
602,106
603,106
604,106
605,106
606,106
607,106
608,106
609,106
610,106
611,106
612,106
613,106
614,106
615,106
616,106
617,106
618,106
619,106
620,106
621,106
622,106
623,106
624,106
625,106
626,106
627,106
628,106
629,106
630,106
631,106
632,106
633,106
634,106
635,106
564,107
565,107
566,107
567,107
568,107
569,107
570,107
571,107
572,107
573,107
574,107
575,107
576,107
577,107
578,107
579,107
580,107
581,107
582,107
583,107
584,107
585,107
586,107
587,107
588,107
589,107
590,107
591,107
592,107
593,107
594,107
595,107
596,107
597,107
598,107
599,107
600,107
601,107
602,107
603,107
604,107
605,107
606,107
607,107
608,107
609,107
610,107
611,107
612,107
613,107
614,107
615,107
616,107
617,107
618,107
619,107
620,107
621,107
622,107
623,107
624,107
625,107
626,107
627,107
628,107
629,107
630,107
631,107
632,107
633,107
634,107
635,107
564,108
565,108
566,108
567,108
568,108
569,108
570,108
571,108
572,108
573,108
574,108
575,108
576,108
577,108
578,108
579,108
580,108
581,108
582,108
583,108
584,108
585,108
586,108
587,108
588,108
589,108
590,108
591,108
592,108
593,108
594,108
595,108
596,108
597,108
598,108
599,108
600,108
601,108
602,108
603,108
604,108
605,108
606,108
607,108
608,108
609,108
610,108
611,108
612,108
613,108
614,108
615,108
616,108
617,108
618,108
619,108
620,108
621,108
622,108
623,108
624,108
625,108
626,108
627,108
628,108
629,108
630,108
631,108
632,108
633,108
634,108
635,108
564,109
565,109
566,109
567,109
568,109
569,109
570,109
571,109
572,109
573,109
574,109
575,109
576,109
577,109
578,109
579,109
580,109
581,109
582,109
583,109
584,109
585,109
586,109
587,109
588,109
589,109
590,109
591,109
592,109
593,109
594,109
595,109
596,109
597,109
598,109
599,109
600,109
601,109
602,109
603,109
604,109
605,109
606,109
607,109
608,109
609,109
610,109
611,109
612,109
613,109
614,109
615,109
616,109
617,109
618,109
619,109
620,109
621,109
622,109
623,109
624,109
625,109
626,109
627,109
628,109
629,109
630,109
631,109
632,109
633,109
634,109
635,109
564,110
565,110
566,110
567,110
568,110
569,110
570,110
571,110
572,110
573,110
574,110
575,110
576,110
577,110
578,110
579,110
580,110
581,110
582,110
583,110
584,110
585,110
586,110
587,110
588,110
589,110
590,110
591,110
592,110
593,110
594,110
595,110
596,110
597,110
598,110
599,110
600,110
601,110
602,110
603,110
604,110
605,110
606,110
607,110
608,110
609,110
610,110
611,110
612,110
613,110
614,110
615,110
616,110
617,110
618,110
619,110
620,110
621,110
622,110
623,110
624,110
625,110
626,110
627,110
628,110
629,110
630,110
631,110
632,110
633,110
634,110
635,110
564,111
565,111
566,111
567,111
568,111
569,111
570,111
571,111
572,111
573,111
574,111
575,111
576,111
577,111
578,111
579,111
580,111
581,111
582,111
583,111
584,111
585,111
586,111
587,111
588,111
589,111
590,111
591,111
592,111
593,111
594,111
595,111
596,111
597,111
598,111
599,111
600,111
601,111
602,111
603,111
604,111
605,111
606,111
607,111
608,111
609,111
610,111
611,111
612,111
613,111
614,111
615,111
616,111
617,111
618,111
619,111
620,111
621,111
622,111
623,111
624,111
625,111
626,111
627,111
628,111
629,111
630,111
631,111
632,111
633,111
634,111
635,111
564,112
565,112
566,112
567,112
568,112
569,112
570,112
571,112
572,112
573,112
574,112
575,112
576,112
577,112
578,112
579,112
580,112
581,112
582,112
583,112
584,112
585,112
586,112
587,112
588,112
589,112
590,112
591,112
592,112
593,112
594,112
595,112
596,112
597,112
598,112
599,112
600,112
601,112
602,112
603,112
604,112
605,112
606,112
607,112
608,112
609,112
610,112
611,112
612,112
613,112
614,112
615,112
616,112
617,112
618,112
619,112
620,112
621,112
622,112
623,112
624,112
625,112
626,112
627,112
628,112
629,112
630,112
631,112
564,113
565,113
566,113
567,113
568,113
569,113
570,113
571,113
572,113
573,113
574,113
575,113
576,113
577,113
578,113
579,113
580,113
581,113
582,113
583,113
584,113
585,113
586,113
587,113
588,113
589,113
590,113
591,113
592,113
593,113
594,113
595,113
596,113
597,113
598,113
599,113
600,113
601,113
602,113
603,113
604,113
605,113
606,113
607,113
608,113
609,113
610,113
611,113
612,113
613,113
614,113
615,113
616,113
617,113
618,113
619,113
620,113
621,113
622,113
623,113
624,113
625,113
626,113
627,113
628,113
629,113
630,113
631,113
564,114
565,114
566,114
567,114
568,114
569,114
570,114
571,114
572,114
573,114
574,114
575,114
576,114
577,114
578,114
579,114
580,114
581,114
582,114
583,114
584,114
585,114
586,114
587,114
588,114
589,114
590,114
591,114
592,114
593,114
594,114
595,114
596,114
597,114
598,114
599,114
600,114
601,114
602,114
603,114
604,114
605,114
606,114
607,114
608,114
609,114
610,114
611,114
612,114
613,114
614,114
615,114
616,114
617,114
618,114
619,114
620,114
621,114
622,114
623,114
624,114
625,114
626,114
627,114
628,114
629,114
630,114
631,114
564,115
565,115
566,115
567,115
568,115
569,115
570,115
571,115
572,115
573,115
574,115
575,115
576,115
577,115
578,115
579,115
580,115
581,115
582,115
583,115
584,115
585,115
586,115
587,115
588,115
589,115
590,115
591,115
592,115
593,115
594,115
595,115
596,115
597,115
598,115
599,115
600,115
601,115
602,115
603,115
604,115
605,115
606,115
607,115
608,115
609,115
610,115
611,115
612,115
613,115
614,115
615,115
616,115
617,115
618,115
619,115
620,115
621,115
622,115
623,115
624,115
625,115
626,115
627,115
628,115
629,115
630,115
631,115
568,116
569,116
570,116
571,116
572,116
573,116
574,116
575,116
576,116
577,116
578,116
579,116
580,116
581,116
582,116
583,116
584,116
585,116
586,116
587,116
588,116
589,116
590,116
591,116
592,116
593,116
594,116
595,116
596,116
597,116
598,116
599,116
600,116
601,116
602,116
603,116
604,116
605,116
606,116
607,116
608,116
609,116
610,116
611,116
612,116
613,116
614,116
615,116
616,116
617,116
618,116
619,116
620,116
621,116
622,116
623,116
624,116
625,116
626,116
627,116
628,116
629,116
630,116
631,116
632,116
633,116
634,116
635,116
568,117
569,117
570,117
571,117
572,117
573,117
574,117
575,117
576,117
577,117
578,117
579,117
580,117
581,117
582,117
583,117
584,117
585,117
586,117
587,117
588,117
589,117
590,117
591,117
592,117
593,117
594,117
595,117
596,117
597,117
598,117
599,117
600,117
601,117
602,117
603,117
604,117
605,117
606,117
607,117
608,117
609,117
610,117
611,117
612,117
613,117
614,117
615,117
616,117
617,117
618,117
619,117
620,117
621,117
622,117
623,117
624,117
625,117
626,117
627,117
628,117
629,117
630,117
631,117
632,117
633,117
634,117
635,117
568,118
569,118
570,118
571,118
572,118
573,118
574,118
575,118
576,118
577,118
578,118
579,118
580,118
581,118
582,118
583,118
584,118
585,118
586,118
587,118
588,118
589,118
590,118
591,118
592,118
593,118
594,118
595,118
596,118
597,118
598,118
599,118
600,118
601,118
602,118
603,118
604,118
605,118
606,118
607,118
608,118
609,118
610,118
611,118
612,118
613,118
614,118
615,118
616,118
617,118
618,118
619,118
620,118
621,118
622,118
623,118
624,118
625,118
626,118
627,118
628,118
629,118
630,118
631,118
632,118
633,118
634,118
635,118
568,119
569,119
570,119
571,119
572,119
573,119
574,119
575,119
576,119
577,119
578,119
579,119
580,119
581,119
582,119
583,119
584,119
585,119
586,119
587,119
588,119
589,119
590,119
591,119
592,119
593,119
594,119
595,119
596,119
597,119
598,119
599,119
600,119
601,119
602,119
603,119
604,119
605,119
606,119
607,119
608,119
609,119
610,119
611,119
612,119
613,119
614,119
615,119
616,119
617,119
618,119
619,119
620,119
621,119
622,119
623,119
624,119
625,119
626,119
627,119
628,119
629,119
630,119
631,119
632,119
633,119
634,119
635,119
572,120
573,120
574,120
575,120
576,120
577,120
578,120
579,120
580,120
581,120
582,120
583,120
584,120
585,120
586,120
587,120
588,120
589,120
590,120
591,120
592,120
593,120
594,120
595,120
596,120
597,120
598,120
599,120
600,120
601,120
602,120
603,120
604,120
605,120
606,120
607,120
608,120
609,120
610,120
611,120
612,120
613,120
614,120
615,120
616,120
617,120
618,120
619,120
620,120
621,120
622,120
623,120
624,120
625,120
626,120
627,120
628,120
629,120
630,120
631,120
632,120
633,120
634,120
635,120
572,121
573,121
574,121
575,121
576,121
577,121
578,121
579,121
580,121
581,121
582,121
583,121
584,121
585,121
586,121
587,121
588,121
589,121
590,121
591,121
592,121
593,121
594,121
595,121
596,121
597,121
598,121
599,121
600,121
601,121
602,121
603,121
604,121
605,121
606,121
607,121
608,121
609,121
610,121
611,121
612,121
613,121
614,121
615,121
616,121
617,121
618,121
619,121
620,121
621,121
622,121
623,121
624,121
625,121
626,121
627,121
628,121
629,121
630,121
631,121
632,121
633,121
634,121
635,121
572,122
573,122
574,122
575,122
576,122
577,122
578,122
579,122
580,122
581,122
582,122
583,122
584,122
585,122
586,122
587,122
588,122
589,122
590,122
591,122
592,122
593,122
594,122
595,122
596,122
597,122
598,122
599,122
600,122
601,122
602,122
603,122
604,122
605,122
606,122
607,122
608,122
609,122
610,122
611,122
612,122
613,122
614,122
615,122
616,122
617,122
618,122
619,122
620,122
621,122
622,122
623,122
624,122
625,122
626,122
627,122
628,122
629,122
630,122
631,122
632,122
633,122
634,122
635,122
572,123
573,123
574,123
575,123
576,123
577,123
578,123
579,123
580,123
581,123
582,123
583,123
584,123
585,123
586,123
587,123
588,123
589,123
590,123
591,123
592,123
593,123
594,123
595,123
596,123
597,123
598,123
599,123
600,123
601,123
602,123
603,123
604,123
605,123
606,123
607,123
608,123
609,123
610,123
611,123
612,123
613,123
614,123
615,123
616,123
617,123
618,123
619,123
620,123
621,123
622,123
623,123
624,123
625,123
626,123
627,123
628,123
629,123
630,123
631,123
632,123
633,123
634,123
635,123
572,124
573,124
574,124
575,124
576,124
577,124
578,124
579,124
580,124
581,124
582,124
583,124
584,124
585,124
586,124
587,124
588,124
589,124
590,124
591,124
592,124
593,124
594,124
595,124
596,124
597,124
598,124
599,124
600,124
601,124
602,124
603,124
604,124
605,124
606,124
607,124
608,124
609,124
610,124
611,124
612,124
613,124
614,124
615,124
616,124
617,124
618,124
619,124
620,124
621,124
622,124
623,124
624,124
625,124
626,124
627,124
628,124
629,124
630,124
631,124
632,124
633,124
634,124
635,124
572,125
573,125
574,125
575,125
576,125
577,125
578,125
579,125
580,125
581,125
582,125
583,125
584,125
585,125
586,125
587,125
588,125
589,125
590,125
591,125
592,125
593,125
594,125
595,125
596,125
597,125
598,125
599,125
600,125
601,125
602,125
603,125
604,125
605,125
606,125
607,125
608,125
609,125
610,125
611,125
612,125
613,125
614,125
615,125
616,125
617,125
618,125
619,125
620,125
621,125
622,125
623,125
624,125
625,125
626,125
627,125
628,125
629,125
630,125
631,125
632,125
633,125
634,125
635,125
572,126
573,126
574,126
575,126
576,126
577,126
578,126
579,126
580,126
581,126
582,126
583,126
584,126
585,126
586,126
587,126
588,126
589,126
590,126
591,126
592,126
593,126
594,126
595,126
596,126
597,126
598,126
599,126
600,126
601,126
602,126
603,126
604,126
605,126
606,126
607,126
608,126
609,126
610,126
611,126
612,126
613,126
614,126
615,126
616,126
617,126
618,126
619,126
620,126
621,126
622,126
623,126
624,126
625,126
626,126
627,126
628,126
629,126
630,126
631,126
632,126
633,126
634,126
635,126
572,127
573,127
574,127
575,127
576,127
577,127
578,127
579,127
580,127
581,127
582,127
583,127
584,127
585,127
586,127
587,127
588,127
589,127
590,127
591,127
592,127
593,127
594,127
595,127
596,127
597,127
598,127
599,127
600,127
601,127
602,127
603,127
604,127
605,127
606,127
607,127
608,127
609,127
610,127
611,127
612,127
613,127
614,127
615,127
616,127
617,127
618,127
619,127
620,127
621,127
622,127
623,127
624,127
625,127
626,127
627,127
628,127
629,127
630,127
631,127
632,127
633,127
634,127
635,127
576,128
577,128
578,128
579,128
580,128
581,128
582,128
583,128
584,128
585,128
586,128
587,128
588,128
589,128
590,128
591,128
592,128
593,128
594,128
595,128
596,128
597,128
598,128
599,128
600,128
601,128
602,128
603,128
604,128
605,128
606,128
607,128
608,128
609,128
610,128
611,128
612,128
613,128
614,128
615,128
616,128
617,128
618,128
619,128
620,128
621,128
622,128
623,128
624,128
625,128
626,128
627,128
628,128
629,128
630,128
631,128
632,128
633,128
634,128
635,128
636,128
637,128
638,128
639,128
576,129
577,129
578,129
579,129
580,129
581,129
582,129
583,129
584,129
585,129
586,129
587,129
588,129
589,129
590,129
591,129
592,129
593,129
594,129
595,129
596,129
597,129
598,129
599,129
600,129
601,129
602,129
603,129
604,129
605,129
606,129
607,129
608,129
609,129
610,129
611,129
612,129
613,129
614,129
615,129
616,129
617,129
618,129
619,129
620,129
621,129
622,129
623,129
624,129
625,129
626,129
627,129
628,129
629,129
630,129
631,129
632,129
633,129
634,129
635,129
636,129
637,129
638,129
639,129
576,130
577,130
578,130
579,130
580,130
581,130
582,130
583,130
584,130
585,130
586,130
587,130
588,130
589,130
590,130
591,130
592,130
593,130
594,130
595,130
596,130
597,130
598,130
599,130
600,130
601,130
602,130
603,130
604,130
605,130
606,130
607,130
608,130
609,130
610,130
611,130
612,130
613,130
614,130
615,130
616,130
617,130
618,130
619,130
620,130
621,130
622,130
623,130
624,130
625,130
626,130
627,130
628,130
629,130
630,130
631,130
632,130
633,130
634,130
635,130
636,130
637,130
638,130
639,130
576,131
577,131
578,131
579,131
580,131
581,131
582,131
583,131
584,131
585,131
586,131
587,131
588,131
589,131
590,131
591,131
592,131
593,131
594,131
595,131
596,131
597,131
598,131
599,131
600,131
601,131
602,131
603,131
604,131
605,131
606,131
607,131
608,131
609,131
610,131
611,131
612,131
613,131
614,131
615,131
616,131
617,131
618,131
619,131
620,131
621,131
622,131
623,131
624,131
625,131
626,131
627,131
628,131
629,131
630,131
631,131
632,131
633,131
634,131
635,131
636,131
637,131
638,131
639,131
576,132
577,132
578,132
579,132
580,132
581,132
582,132
583,132
584,132
585,132
586,132
587,132
588,132
589,132
590,132
591,132
592,132
593,132
594,132
595,132
596,132
597,132
598,132
599,132
600,132
601,132
602,132
603,132
604,132
605,132
606,132
607,132
608,132
609,132
610,132
611,132
612,132
613,132
614,132
615,132
616,132
617,132
618,132
619,132
620,132
621,132
622,132
623,132
624,132
625,132
626,132
627,132
628,132
629,132
630,132
631,132
632,132
633,132
634,132
635,132
636,132
637,132
638,132
639,132
640,132
641,132
642,132
643,132
576,133
577,133
578,133
579,133
580,133
581,133
582,133
583,133
584,133
585,133
586,133
587,133
588,133
589,133
590,133
591,133
592,133
593,133
594,133
595,133
596,133
597,133
598,133
599,133
600,133
601,133
602,133
603,133
604,133
605,133
606,133
607,133
608,133
609,133
610,133
611,133
612,133
613,133
614,133
615,133
616,133
617,133
618,133
619,133
620,133
621,133
622,133
623,133
624,133
625,133
626,133
627,133
628,133
629,133
630,133
631,133
632,133
633,133
634,133
635,133
636,133
637,133
638,133
639,133
640,133
641,133
642,133
643,133
576,134
577,134
578,134
579,134
580,134
581,134
582,134
583,134
584,134
585,134
586,134
587,134
588,134
589,134
590,134
591,134
592,134
593,134
594,134
595,134
596,134
597,134
598,134
599,134
600,134
601,134
602,134
603,134
604,134
605,134
606,134
607,134
608,134
609,134
610,134
611,134
612,134
613,134
614,134
615,134
616,134
617,134
618,134
619,134
620,134
621,134
622,134
623,134
624,134
625,134
626,134
627,134
628,134
629,134
630,134
631,134
632,134
633,134
634,134
635,134
636,134
637,134
638,134
639,134
640,134
641,134
642,134
643,134
576,135
577,135
578,135
579,135
580,135
581,135
582,135
583,135
584,135
585,135
586,135
587,135
588,135
589,135
590,135
591,135
592,135
593,135
594,135
595,135
596,135
597,135
598,135
599,135
600,135
601,135
602,135
603,135
604,135
605,135
606,135
607,135
608,135
609,135
610,135
611,135
612,135
613,135
614,135
615,135
616,135
617,135
618,135
619,135
620,135
621,135
622,135
623,135
624,135
625,135
626,135
627,135
628,135
629,135
630,135
631,135
632,135
633,135
634,135
635,135
636,135
637,135
638,135
639,135
640,135
641,135
642,135
643,135
576,136
577,136
578,136
579,136
580,136
581,136
582,136
583,136
584,136
585,136
586,136
587,136
588,136
589,136
590,136
591,136
592,136
593,136
594,136
595,136
596,136
597,136
598,136
599,136
600,136
601,136
602,136
603,136
604,136
605,136
606,136
607,136
608,136
609,136
610,136
611,136
612,136
613,136
614,136
615,136
616,136
617,136
618,136
619,136
620,136
621,136
622,136
623,136
624,136
625,136
626,136
627,136
628,136
629,136
630,136
631,136
632,136
633,136
634,136
635,136
636,136
637,136
638,136
639,136
640,136
641,136
642,136
643,136
644,136
645,136
646,136
647,136
576,137
577,137
578,137
579,137
580,137
581,137
582,137
583,137
584,137
585,137
586,137
587,137
588,137
589,137
590,137
591,137
592,137
593,137
594,137
595,137
596,137
597,137
598,137
599,137
600,137
601,137
602,137
603,137
604,137
605,137
606,137
607,137
608,137
609,137
610,137
611,137
612,137
613,137
614,137
615,137
616,137
617,137
618,137
619,137
620,137
621,137
622,137
623,137
624,137
625,137
626,137
627,137
628,137
629,137
630,137
631,137
632,137
633,137
634,137
635,137
636,137
637,137
638,137
639,137
640,137
641,137
642,137
643,137
644,137
645,137
646,137
647,137
576,138
577,138
578,138
579,138
580,138
581,138
582,138
583,138
584,138
585,138
586,138
587,138
588,138
589,138
590,138
591,138
592,138
593,138
594,138
595,138
596,138
597,138
598,138
599,138
600,138
601,138
602,138
603,138
604,138
605,138
606,138
607,138
608,138
609,138
610,138
611,138
612,138
613,138
614,138
615,138
616,138
617,138
618,138
619,138
620,138
621,138
622,138
623,138
624,138
625,138
626,138
627,138
628,138
629,138
630,138
631,138
632,138
633,138
634,138
635,138
636,138
637,138
638,138
639,138
640,138
641,138
642,138
643,138
644,138
645,138
646,138
647,138
576,139
577,139
578,139
579,139
580,139
581,139
582,139
583,139
584,139
585,139
586,139
587,139
588,139
589,139
590,139
591,139
592,139
593,139
594,139
595,139
596,139
597,139
598,139
599,139
600,139
601,139
602,139
603,139
604,139
605,139
606,139
607,139
608,139
609,139
610,139
611,139
612,139
613,139
614,139
615,139
616,139
617,139
618,139
619,139
620,139
621,139
622,139
623,139
624,139
625,139
626,139
627,139
628,139
629,139
630,139
631,139
632,139
633,139
634,139
635,139
636,139
637,139
638,139
639,139
640,139
641,139
642,139
643,139
644,139
645,139
646,139
647,139
580,140
581,140
582,140
583,140
584,140
585,140
586,140
587,140
588,140
589,140
590,140
591,140
592,140
593,140
594,140
595,140
596,140
597,140
598,140
599,140
600,140
601,140
602,140
603,140
604,140
605,140
606,140
607,140
608,140
609,140
610,140
611,140
612,140
613,140
614,140
615,140
616,140
617,140
618,140
619,140
620,140
621,140
622,140
623,140
624,140
625,140
626,140
627,140
628,140
629,140
630,140
631,140
632,140
633,140
634,140
635,140
636,140
637,140
638,140
639,140
640,140
641,140
642,140
643,140
644,140
645,140
646,140
647,140
648,140
649,140
650,140
651,140
580,141
581,141
582,141
583,141
584,141
585,141
586,141
587,141
588,141
589,141
590,141
591,141
592,141
593,141
594,141
595,141
596,141
597,141
598,141
599,141
600,141
601,141
602,141
603,141
604,141
605,141
606,141
607,141
608,141
609,141
610,141
611,141
612,141
613,141
614,141
615,141
616,141
617,141
618,141
619,141
620,141
621,141
622,141
623,141
624,141
625,141
626,141
627,141
628,141
629,141
630,141
631,141
632,141
633,141
634,141
635,141
636,141
637,141
638,141
639,141
640,141
641,141
642,141
643,141
644,141
645,141
646,141
647,141
648,141
649,141
650,141
651,141
580,142
581,142
582,142
583,142
584,142
585,142
586,142
587,142
588,142
589,142
590,142
591,142
592,142
593,142
594,142
595,142
596,142
597,142
598,142
599,142
600,142
601,142
602,142
603,142
604,142
605,142
606,142
607,142
608,142
609,142
610,142
611,142
612,142
613,142
614,142
615,142
616,142
617,142
618,142
619,142
620,142
621,142
622,142
623,142
624,142
625,142
626,142
627,142
628,142
629,142
630,142
631,142
632,142
633,142
634,142
635,142
636,142
637,142
638,142
639,142
640,142
641,142
642,142
643,142
644,142
645,142
646,142
647,142
648,142
649,142
650,142
651,142
580,143
581,143
582,143
583,143
584,143
585,143
586,143
587,143
588,143
589,143
590,143
591,143
592,143
593,143
594,143
595,143
596,143
597,143
598,143
599,143
600,143
601,143
602,143
603,143
604,143
605,143
606,143
607,143
608,143
609,143
610,143
611,143
612,143
613,143
614,143
615,143
616,143
617,143
618,143
619,143
620,143
621,143
622,143
623,143
624,143
625,143
626,143
627,143
628,143
629,143
630,143
631,143
632,143
633,143
634,143
635,143
636,143
637,143
638,143
639,143
640,143
641,143
642,143
643,143
644,143
645,143
646,143
647,143
648,143
649,143
650,143
651,143
580,144
581,144
582,144
583,144
584,144
585,144
586,144
587,144
588,144
589,144
590,144
591,144
592,144
593,144
594,144
595,144
596,144
597,144
598,144
599,144
600,144
601,144
602,144
603,144
604,144
605,144
606,144
607,144
608,144
609,144
610,144
611,144
612,144
613,144
614,144
615,144
616,144
617,144
618,144
619,144
620,144
621,144
622,144
623,144
624,144
625,144
626,144
627,144
628,144
629,144
630,144
631,144
632,144
633,144
634,144
635,144
636,144
637,144
638,144
639,144
640,144
641,144
642,144
643,144
644,144
645,144
646,144
647,144
648,144
649,144
650,144
651,144
580,145
581,145
582,145
583,145
584,145
585,145
586,145
587,145
588,145
589,145
590,145
591,145
592,145
593,145
594,145
595,145
596,145
597,145
598,145
599,145
600,145
601,145
602,145
603,145
604,145
605,145
606,145
607,145
608,145
609,145
610,145
611,145
612,145
613,145
614,145
615,145
616,145
617,145
618,145
619,145
620,145
621,145
622,145
623,145
624,145
625,145
626,145
627,145
628,145
629,145
630,145
631,145
632,145
633,145
634,145
635,145
636,145
637,145
638,145
639,145
640,145
641,145
642,145
643,145
644,145
645,145
646,145
647,145
648,145
649,145
650,145
651,145
580,146
581,146
582,146
583,146
584,146
585,146
586,146
587,146
588,146
589,146
590,146
591,146
592,146
593,146
594,146
595,146
596,146
597,146
598,146
599,146
600,146
601,146
602,146
603,146
604,146
605,146
606,146
607,146
608,146
609,146
610,146
611,146
612,146
613,146
614,146
615,146
616,146
617,146
618,146
619,146
620,146
621,146
622,146
623,146
624,146
625,146
626,146
627,146
628,146
629,146
630,146
631,146
632,146
633,146
634,146
635,146
636,146
637,146
638,146
639,146
640,146
641,146
642,146
643,146
644,146
645,146
646,146
647,146
648,146
649,146
650,146
651,146
580,147
581,147
582,147
583,147
584,147
585,147
586,147
587,147
588,147
589,147
590,147
591,147
592,147
593,147
594,147
595,147
596,147
597,147
598,147
599,147
600,147
601,147
602,147
603,147
604,147
605,147
606,147
607,147
608,147
609,147
610,147
611,147
612,147
613,147
614,147
615,147
616,147
617,147
618,147
619,147
620,147
621,147
622,147
623,147
624,147
625,147
626,147
627,147
628,147
629,147
630,147
631,147
632,147
633,147
634,147
635,147
636,147
637,147
638,147
639,147
640,147
641,147
642,147
643,147
644,147
645,147
646,147
647,147
648,147
649,147
650,147
651,147
580,148
581,148
582,148
583,148
584,148
585,148
586,148
587,148
588,148
589,148
590,148
591,148
592,148
593,148
594,148
595,148
596,148
597,148
598,148
599,148
600,148
601,148
602,148
603,148
604,148
605,148
606,148
607,148
608,148
609,148
610,148
611,148
612,148
613,148
614,148
615,148
616,148
617,148
618,148
619,148
620,148
621,148
622,148
623,148
624,148
625,148
626,148
627,148
628,148
629,148
630,148
631,148
632,148
633,148
634,148
635,148
636,148
637,148
638,148
639,148
640,148
641,148
642,148
643,148
644,148
645,148
646,148
647,148
580,149
581,149
582,149
583,149
584,149
585,149
586,149
587,149
588,149
589,149
590,149
591,149
592,149
593,149
594,149
595,149
596,149
597,149
598,149
599,149
600,149
601,149
602,149
603,149
604,149
605,149
606,149
607,149
608,149
609,149
610,149
611,149
612,149
613,149
614,149
615,149
616,149
617,149
618,149
619,149
620,149
621,149
622,149
623,149
624,149
625,149
626,149
627,149
628,149
629,149
630,149
631,149
632,149
633,149
634,149
635,149
636,149
637,149
638,149
639,149
640,149
641,149
642,149
643,149
644,149
645,149
646,149
647,149
580,150
581,150
582,150
583,150
584,150
585,150
586,150
587,150
588,150
589,150
590,150
591,150
592,150
593,150
594,150
595,150
596,150
597,150
598,150
599,150
600,150
601,150
602,150
603,150
604,150
605,150
606,150
607,150
608,150
609,150
610,150
611,150
612,150
613,150
614,150
615,150
616,150
617,150
618,150
619,150
620,150
621,150
622,150
623,150
624,150
625,150
626,150
627,150
628,150
629,150
630,150
631,150
632,150
633,150
634,150
635,150
636,150
637,150
638,150
639,150
640,150
641,150
642,150
643,150
644,150
645,150
646,150
647,150
580,151
581,151
582,151
583,151
584,151
585,151
586,151
587,151
588,151
589,151
590,151
591,151
592,151
593,151
594,151
595,151
596,151
597,151
598,151
599,151
600,151
601,151
602,151
603,151
604,151
605,151
606,151
607,151
608,151
609,151
610,151
611,151
612,151
613,151
614,151
615,151
616,151
617,151
618,151
619,151
620,151
621,151
622,151
623,151
624,151
625,151
626,151
627,151
628,151
629,151
630,151
631,151
632,151
633,151
634,151
635,151
636,151
637,151
638,151
639,151
640,151
641,151
642,151
643,151
644,151
645,151
646,151
647,151
584,152
585,152
586,152
587,152
588,152
589,152
590,152
591,152
592,152
593,152
594,152
595,152
596,152
597,152
598,152
599,152
600,152
601,152
602,152
603,152
604,152
605,152
606,152
607,152
608,152
609,152
610,152
611,152
612,152
613,152
614,152
615,152
616,152
617,152
618,152
619,152
620,152
621,152
622,152
623,152
624,152
625,152
626,152
627,152
628,152
629,152
630,152
631,152
632,152
633,152
634,152
635,152
636,152
637,152
638,152
639,152
640,152
641,152
642,152
643,152
584,153
585,153
586,153
587,153
588,153
589,153
590,153
591,153
592,153
593,153
594,153
595,153
596,153
597,153
598,153
599,153
600,153
601,153
602,153
603,153
604,153
605,153
606,153
607,153
608,153
609,153
610,153
611,153
612,153
613,153
614,153
615,153
616,153
617,153
618,153
619,153
620,153
621,153
622,153
623,153
624,153
625,153
626,153
627,153
628,153
629,153
630,153
631,153
632,153
633,153
634,153
635,153
636,153
637,153
638,153
639,153
640,153
641,153
642,153
643,153
584,154
585,154
586,154
587,154
588,154
589,154
590,154
591,154
592,154
593,154
594,154
595,154
596,154
597,154
598,154
599,154
600,154
601,154
602,154
603,154
604,154
605,154
606,154
607,154
608,154
609,154
610,154
611,154
612,154
613,154
614,154
615,154
616,154
617,154
618,154
619,154
620,154
621,154
622,154
623,154
624,154
625,154
626,154
627,154
628,154
629,154
630,154
631,154
632,154
633,154
634,154
635,154
636,154
637,154
638,154
639,154
640,154
641,154
642,154
643,154
584,155
585,155
586,155
587,155
588,155
589,155
590,155
591,155
592,155
593,155
594,155
595,155
596,155
597,155
598,155
599,155
600,155
601,155
602,155
603,155
604,155
605,155
606,155
607,155
608,155
609,155
610,155
611,155
612,155
613,155
614,155
615,155
616,155
617,155
618,155
619,155
620,155
621,155
622,155
623,155
624,155
625,155
626,155
627,155
628,155
629,155
630,155
631,155
632,155
633,155
634,155
635,155
636,155
637,155
638,155
639,155
640,155
641,155
642,155
643,155
584,156
585,156
586,156
587,156
588,156
589,156
590,156
591,156
592,156
593,156
594,156
595,156
596,156
597,156
598,156
599,156
600,156
601,156
602,156
603,156
604,156
605,156
606,156
607,156
608,156
609,156
610,156
611,156
612,156
613,156
614,156
615,156
616,156
617,156
618,156
619,156
620,156
621,156
622,156
623,156
624,156
625,156
626,156
627,156
584,157
585,157
586,157
587,157
588,157
589,157
590,157
591,157
592,157
593,157
594,157
595,157
596,157
597,157
598,157
599,157
600,157
601,157
602,157
603,157
604,157
605,157
606,157
607,157
608,157
609,157
610,157
611,157
612,157
613,157
614,157
615,157
616,157
617,157
618,157
619,157
620,157
621,157
622,157
623,157
624,157
625,157
626,157
627,157
584,158
585,158
586,158
587,158
588,158
589,158
590,158
591,158
592,158
593,158
594,158
595,158
596,158
597,158
598,158
599,158
600,158
601,158
602,158
603,158
604,158
605,158
606,158
607,158
608,158
609,158
610,158
611,158
612,158
613,158
614,158
615,158
616,158
617,158
618,158
619,158
620,158
621,158
622,158
623,158
624,158
625,158
626,158
627,158
584,159
585,159
586,159
587,159
588,159
589,159
590,159
591,159
592,159
593,159
594,159
595,159
596,159
597,159
598,159
599,159
600,159
601,159
602,159
603,159
604,159
605,159
606,159
607,159
608,159
609,159
610,159
611,159
612,159
613,159
614,159
615,159
616,159
617,159
618,159
619,159
620,159
621,159
622,159
623,159
624,159
625,159
626,159
627,159
592,160
593,160
594,160
595,160
596,160
597,160
598,160
599,160
600,160
601,160
602,160
603,160
604,160
605,160
606,160
607,160
608,160
609,160
610,160
611,160
612,160
613,160
614,160
615,160
616,160
617,160
618,160
619,160
592,161
593,161
594,161
595,161
596,161
597,161
598,161
599,161
600,161
601,161
602,161
603,161
604,161
605,161
606,161
607,161
608,161
609,161
610,161
611,161
612,161
613,161
614,161
615,161
616,161
617,161
618,161
619,161
592,162
593,162
594,162
595,162
596,162
597,162
598,162
599,162
600,162
601,162
602,162
603,162
604,162
605,162
606,162
607,162
608,162
609,162
610,162
611,162
612,162
613,162
614,162
615,162
616,162
617,162
618,162
619,162
592,163
593,163
594,163
595,163
596,163
597,163
598,163
599,163
600,163
601,163
602,163
603,163
604,163
605,163
606,163
607,163
608,163
609,163
610,163
611,163
612,163
613,163
614,163
615,163
616,163
617,163
618,163
619,163
