608,84
609,84
610,84
611,84
608,85
609,85
610,85
611,85
608,86
609,86
610,86
611,86
608,87
609,87
610,87
611,87
596,88
597,88
598,88
599,88
600,88
601,88
602,88
603,88
604,88
605,88
606,88
607,88
608,88
609,88
610,88
611,88
612,88
613,88
614,88
615,88
596,89
597,89
598,89
599,89
600,89
601,89
602,89
603,89
604,89
605,89
606,89
607,89
608,89
609,89
610,89
611,89
612,89
613,89
614,89
615,89
596,90
597,90
598,90
599,90
600,90
601,90
602,90
603,90
604,90
605,90
606,90
607,90
608,90
609,90
610,90
611,90
612,90
613,90
614,90
615,90
596,91
597,91
598,91
599,91
600,91
601,91
602,91
603,91
604,91
605,91
606,91
607,91
608,91
609,91
610,91
611,91
612,91
613,91
614,91
615,91
596,92
597,92
598,92
599,92
600,92
601,92
602,92
603,92
604,92
605,92
606,92
607,92
608,92
609,92
610,92
611,92
612,92
613,92
614,92
615,92
616,92
617,92
618,92
619,92
620,92
621,92
622,92
623,92
596,93
597,93
598,93
599,93
600,93
601,93
602,93
603,93
604,93
605,93
606,93
607,93
608,93
609,93
610,93
611,93
612,93
613,93
614,93
615,93
616,93
617,93
618,93
619,93
620,93
621,93
622,93
623,93
596,94
597,94
598,94
599,94
600,94
601,94
602,94
603,94
604,94
605,94
606,94
607,94
608,94
609,94
610,94
611,94
612,94
613,94
614,94
615,94
616,94
617,94
618,94
619,94
620,94
621,94
622,94
623,94
596,95
597,95
598,95
599,95
600,95
601,95
602,95
603,95
604,95
605,95
606,95
607,95
608,95
609,95
610,95
611,95
612,95
613,95
614,95
615,95
616,95
617,95
618,95
619,95
620,95
621,95
622,95
623,95
592,96
593,96
594,96
595,96
596,96
597,96
598,96
599,96
600,96
601,96
602,96
603,96
604,96
605,96
606,96
607,96
608,96
609,96
610,96
611,96
612,96
613,96
614,96
615,96
616,96
617,96
618,96
619,96
620,96
621,96
622,96
623,96
624,96
625,96
626,96
627,96
592,97
593,97
594,97
595,97
596,97
597,97
598,97
599,97
600,97
601,97
602,97
603,97
604,97
605,97
606,97
607,97
608,97
609,97
610,97
611,97
612,97
613,97
614,97
615,97
616,97
617,97
618,97
619,97
620,97
621,97
622,97
623,97
624,97
625,97
626,97
627,97
592,98
593,98
594,98
595,98
596,98
597,98
598,98
599,98
600,98
601,98
602,98
603,98
604,98
605,98
606,98
607,98
608,98
609,98
610,98
611,98
612,98
613,98
614,98
615,98
616,98
617,98
618,98
619,98
620,98
621,98
622,98
623,98
624,98
625,98
626,98
627,98
592,99
593,99
594,99
595,99
596,99
597,99
598,99
599,99
600,99
601,99
602,99
603,99
604,99
605,99
606,99
607,99
608,99
609,99
610,99
611,99
612,99
613,99
614,99
615,99
616,99
617,99
618,99
619,99
620,99
621,99
622,99
623,99
624,99
625,99
626,99
627,99
592,100
593,100
594,100
595,100
596,100
597,100
598,100
599,100
600,100
601,100
602,100
603,100
604,100
605,100
606,100
607,100
608,100
609,100
610,100
611,100
612,100
613,100
614,100
615,100
616,100
617,100
618,100
619,100
620,100
621,100
622,100
623,100
624,100
625,100
626,100
627,100
628,100
629,100
630,100
631,100
632,100
633,100
634,100
635,100
592,101
593,101
594,101
595,101
596,101
597,101
598,101
599,101
600,101
601,101
602,101
603,101
604,101
605,101
606,101
607,101
608,101
609,101
610,101
611,101
612,101
613,101
614,101
615,101
616,101
617,101
618,101
619,101
620,101
621,101
622,101
623,101
624,101
625,101
626,101
627,101
628,101
629,101
630,101
631,101
632,101
633,101
634,101
635,101
592,102
593,102
594,102
595,102
596,102
597,102
598,102
599,102
600,102
601,102
602,102
603,102
604,102
605,102
606,102
607,102
608,102
609,102
610,102
611,102
612,102
613,102
614,102
615,102
616,102
617,102
618,102
619,102
620,102
621,102
622,102
623,102
624,102
625,102
626,102
627,102
628,102
629,102
630,102
631,102
632,102
633,102
634,102
635,102
592,103
593,103
594,103
595,103
596,103
597,103
598,103
599,103
600,103
601,103
602,103
603,103
604,103
605,103
606,103
607,103
608,103
609,103
610,103
611,103
612,103
613,103
614,103
615,103
616,103
617,103
618,103
619,103
620,103
621,103
622,103
623,103
624,103
625,103
626,103
627,103
628,103
629,103
630,103
631,103
632,103
633,103
634,103
635,103
588,104
589,104
590,104
591,104
592,104
593,104
594,104
595,104
596,104
597,104
598,104
599,104
600,104
601,104
602,104
603,104
604,104
605,104
606,104
607,104
608,104
609,104
610,104
611,104
612,104
613,104
614,104
615,104
616,104
617,104
618,104
619,104
620,104
621,104
622,104
623,104
624,104
625,104
626,104
627,104
628,104
629,104
630,104
631,104
632,104
633,104
634,104
635,104
636,104
637,104
638,104
639,104
640,104
641,104
642,104
643,104
588,105
589,105
590,105
591,105
592,105
593,105
594,105
595,105
596,105
597,105
598,105
599,105
600,105
601,105
602,105
603,105
604,105
605,105
606,105
607,105
608,105
609,105
610,105
611,105
612,105
613,105
614,105
615,105
616,105
617,105
618,105
619,105
620,105
621,105
622,105
623,105
624,105
625,105
626,105
627,105
628,105
629,105
630,105
631,105
632,105
633,105
634,105
635,105
636,105
637,105
638,105
639,105
640,105
641,105
642,105
643,105
588,106
589,106
590,106
591,106
592,106
593,106
594,106
595,106
596,106
597,106
598,106
599,106
600,106
601,106
602,106
603,106
604,106
605,106
606,106
607,106
608,106
609,106
610,106
611,106
612,106
613,106
614,106
615,106
616,106
617,106
618,106
619,106
620,106
621,106
622,106
623,106
624,106
625,106
626,106
627,106
628,106
629,106
630,106
631,106
632,106
633,106
634,106
635,106
636,106
637,106
638,106
639,106
640,106
641,106
642,106
643,106
588,107
589,107
590,107
591,107
592,107
593,107
594,107
595,107
596,107
597,107
598,107
599,107
600,107
601,107
602,107
603,107
604,107
605,107
606,107
607,107
608,107
609,107
610,107
611,107
612,107
613,107
614,107
615,107
616,107
617,107
618,107
619,107
620,107
621,107
622,107
623,107
624,107
625,107
626,107
627,107
628,107
629,107
630,107
631,107
632,107
633,107
634,107
635,107
636,107
637,107
638,107
639,107
640,107
641,107
642,107
643,107
588,108
589,108
590,108
591,108
592,108
593,108
594,108
595,108
596,108
597,108
598,108
599,108
600,108
601,108
602,108
603,108
604,108
605,108
606,108
607,108
608,108
609,108
610,108
611,108
612,108
613,108
614,108
615,108
616,108
617,108
618,108
619,108
620,108
621,108
622,108
623,108
624,108
625,108
626,108
627,108
628,108
629,108
630,108
631,108
632,108
633,108
634,108
635,108
636,108
637,108
638,108
639,108
640,108
641,108
642,108
643,108
644,108
645,108
646,108
647,108
588,109
589,109
590,109
591,109
592,109
593,109
594,109
595,109
596,109
597,109
598,109
599,109
600,109
601,109
602,109
603,109
604,109
605,109
606,109
607,109
608,109
609,109
610,109
611,109
612,109
613,109
614,109
615,109
616,109
617,109
618,109
619,109
620,109
621,109
622,109
623,109
624,109
625,109
626,109
627,109
628,109
629,109
630,109
631,109
632,109
633,109
634,109
635,109
636,109
637,109
638,109
639,109
640,109
641,109
642,109
643,109
644,109
645,109
646,109
647,109
588,110
589,110
590,110
591,110
592,110
593,110
594,110
595,110
596,110
597,110
598,110
599,110
600,110
601,110
602,110
603,110
604,110
605,110
606,110
607,110
608,110
609,110
610,110
611,110
612,110
613,110
614,110
615,110
616,110
617,110
618,110
619,110
620,110
621,110
622,110
623,110
624,110
625,110
626,110
627,110
628,110
629,110
630,110
631,110
632,110
633,110
634,110
635,110
636,110
637,110
638,110
639,110
640,110
641,110
642,110
643,110
644,110
645,110
646,110
647,110
588,111
589,111
590,111
591,111
592,111
593,111
594,111
595,111
596,111
597,111
598,111
599,111
600,111
601,111
602,111
603,111
604,111
605,111
606,111
607,111
608,111
609,111
610,111
611,111
612,111
613,111
614,111
615,111
616,111
617,111
618,111
619,111
620,111
621,111
622,111
623,111
624,111
625,111
626,111
627,111
628,111
629,111
630,111
631,111
632,111
633,111
634,111
635,111
636,111
637,111
638,111
639,111
640,111
641,111
642,111
643,111
644,111
645,111
646,111
647,111
588,112
589,112
590,112
591,112
592,112
593,112
594,112
595,112
596,112
597,112
598,112
599,112
600,112
601,112
602,112
603,112
604,112
605,112
606,112
607,112
608,112
609,112
610,112
611,112
612,112
613,112
614,112
615,112
616,112
617,112
618,112
619,112
620,112
621,112
622,112
623,112
624,112
625,112
626,112
627,112
628,112
629,112
630,112
631,112
632,112
633,112
634,112
635,112
636,112
637,112
638,112
639,112
640,112
641,112
642,112
643,112
644,112
645,112
646,112
647,112
588,113
589,113
590,113
591,113
592,113
593,113
594,113
595,113
596,113
597,113
598,113
599,113
600,113
601,113
602,113
603,113
604,113
605,113
606,113
607,113
608,113
609,113
610,113
611,113
612,113
613,113
614,113
615,113
616,113
617,113
618,113
619,113
620,113
621,113
622,113
623,113
624,113
625,113
626,113
627,113
628,113
629,113
630,113
631,113
632,113
633,113
634,113
635,113
636,113
637,113
638,113
639,113
640,113
641,113
642,113
643,113
644,113
645,113
646,113
647,113
588,114
589,114
590,114
591,114
592,114
593,114
594,114
595,114
596,114
597,114
598,114
599,114
600,114
601,114
602,114
603,114
604,114
605,114
606,114
607,114
608,114
609,114
610,114
611,114
612,114
613,114
614,114
615,114
616,114
617,114
618,114
619,114
620,114
621,114
622,114
623,114
624,114
625,114
626,114
627,114
628,114
629,114
630,114
631,114
632,114
633,114
634,114
635,114
636,114
637,114
638,114
639,114
640,114
641,114
642,114
643,114
644,114
645,114
646,114
647,114
588,115
589,115
590,115
591,115
592,115
593,115
594,115
595,115
596,115
597,115
598,115
599,115
600,115
601,115
602,115
603,115
604,115
605,115
606,115
607,115
608,115
609,115
610,115
611,115
612,115
613,115
614,115
615,115
616,115
617,115
618,115
619,115
620,115
621,115
622,115
623,115
624,115
625,115
626,115
627,115
628,115
629,115
630,115
631,115
632,115
633,115
634,115
635,115
636,115
637,115
638,115
639,115
640,115
641,115
642,115
643,115
644,115
645,115
646,115
647,115
588,116
589,116
590,116
591,116
592,116
593,116
594,116
595,116
596,116
597,116
598,116
599,116
600,116
601,116
602,116
603,116
604,116
605,116
606,116
607,116
608,116
609,116
610,116
611,116
612,116
613,116
614,116
615,116
616,116
617,116
618,116
619,116
620,116
621,116
622,116
623,116
624,116
625,116
626,116
627,116
628,116
629,116
630,116
631,116
632,116
633,116
634,116
635,116
636,116
637,116
638,116
639,116
640,116
641,116
642,116
643,116
644,116
645,116
646,116
647,116
588,117
589,117
590,117
591,117
592,117
593,117
594,117
595,117
596,117
597,117
598,117
599,117
600,117
601,117
602,117
603,117
604,117
605,117
606,117
607,117
608,117
609,117
610,117
611,117
612,117
613,117
614,117
615,117
616,117
617,117
618,117
619,117
620,117
621,117
622,117
623,117
624,117
625,117
626,117
627,117
628,117
629,117
630,117
631,117
632,117
633,117
634,117
635,117
636,117
637,117
638,117
639,117
640,117
641,117
642,117
643,117
644,117
645,117
646,117
647,117
588,118
589,118
590,118
591,118
592,118
593,118
594,118
595,118
596,118
597,118
598,118
599,118
600,118
601,118
602,118
603,118
604,118
605,118
606,118
607,118
608,118
609,118
610,118
611,118
612,118
613,118
614,118
615,118
616,118
617,118
618,118
619,118
620,118
621,118
622,118
623,118
624,118
625,118
626,118
627,118
628,118
629,118
630,118
631,118
632,118
633,118
634,118
635,118
636,118
637,118
638,118
639,118
640,118
641,118
642,118
643,118
644,118
645,118
646,118
647,118
588,119
589,119
590,119
591,119
592,119
593,119
594,119
595,119
596,119
597,119
598,119
599,119
600,119
601,119
602,119
603,119
604,119
605,119
606,119
607,119
608,119
609,119
610,119
611,119
612,119
613,119
614,119
615,119
616,119
617,119
618,119
619,119
620,119
621,119
622,119
623,119
624,119
625,119
626,119
627,119
628,119
629,119
630,119
631,119
632,119
633,119
634,119
635,119
636,119
637,119
638,119
639,119
640,119
641,119
642,119
643,119
644,119
645,119
646,119
647,119
592,120
593,120
594,120
595,120
596,120
597,120
598,120
599,120
600,120
601,120
602,120
603,120
604,120
605,120
606,120
607,120
608,120
609,120
610,120
611,120
612,120
613,120
614,120
615,120
616,120
617,120
618,120
619,120
620,120
621,120
622,120
623,120
624,120
625,120
626,120
627,120
628,120
629,120
630,120
631,120
632,120
633,120
634,120
635,120
636,120
637,120
638,120
639,120
640,120
641,120
642,120
643,120
592,121
593,121
594,121
595,121
596,121
597,121
598,121
599,121
600,121
601,121
602,121
603,121
604,121
605,121
606,121
607,121
608,121
609,121
610,121
611,121
612,121
613,121
614,121
615,121
616,121
617,121
618,121
619,121
620,121
621,121
622,121
623,121
624,121
625,121
626,121
627,121
628,121
629,121
630,121
631,121
632,121
633,121
634,121
635,121
636,121
637,121
638,121
639,121
640,121
641,121
642,121
643,121
592,122
593,122
594,122
595,122
596,122
597,122
598,122
599,122
600,122
601,122
602,122
603,122
604,122
605,122
606,122
607,122
608,122
609,122
610,122
611,122
612,122
613,122
614,122
615,122
616,122
617,122
618,122
619,122
620,122
621,122
622,122
623,122
624,122
625,122
626,122
627,122
628,122
629,122
630,122
631,122
632,122
633,122
634,122
635,122
636,122
637,122
638,122
639,122
640,122
641,122
642,122
643,122
592,123
593,123
594,123
595,123
596,123
597,123
598,123
599,123
600,123
601,123
602,123
603,123
604,123
605,123
606,123
607,123
608,123
609,123
610,123
611,123
612,123
613,123
614,123
615,123
616,123
617,123
618,123
619,123
620,123
621,123
622,123
623,123
624,123
625,123
626,123
627,123
628,123
629,123
630,123
631,123
632,123
633,123
634,123
635,123
636,123
637,123
638,123
639,123
640,123
641,123
642,123
643,123
596,124
597,124
598,124
599,124
600,124
601,124
602,124
603,124
604,124
605,124
606,124
607,124
608,124
609,124
610,124
611,124
612,124
613,124
614,124
615,124
616,124
617,124
618,124
619,124
620,124
621,124
622,124
623,124
624,124
625,124
626,124
627,124
628,124
629,124
630,124
631,124
632,124
633,124
634,124
635,124
636,124
637,124
638,124
639,124
640,124
641,124
642,124
643,124
596,125
597,125
598,125
599,125
600,125
601,125
602,125
603,125
604,125
605,125
606,125
607,125
608,125
609,125
610,125
611,125
612,125
613,125
614,125
615,125
616,125
617,125
618,125
619,125
620,125
621,125
622,125
623,125
624,125
625,125
626,125
627,125
628,125
629,125
630,125
631,125
632,125
633,125
634,125
635,125
636,125
637,125
638,125
639,125
640,125
641,125
642,125
643,125
596,126
597,126
598,126
599,126
600,126
601,126
602,126
603,126
604,126
605,126
606,126
607,126
608,126
609,126
610,126
611,126
612,126
613,126
614,126
615,126
616,126
617,126
618,126
619,126
620,126
621,126
622,126
623,126
624,126
625,126
626,126
627,126
628,126
629,126
630,126
631,126
632,126
633,126
634,126
635,126
636,126
637,126
638,126
639,126
640,126
641,126
642,126
643,126
596,127
597,127
598,127
599,127
600,127
601,127
602,127
603,127
604,127
605,127
606,127
607,127
608,127
609,127
610,127
611,127
612,127
613,127
614,127
615,127
616,127
617,127
618,127
619,127
620,127
621,127
622,127
623,127
624,127
625,127
626,127
627,127
628,127
629,127
630,127
631,127
632,127
633,127
634,127
635,127
636,127
637,127
638,127
639,127
640,127
641,127
642,127
643,127
608,128
609,128
610,128
611,128
612,128
613,128
614,128
615,128
616,128
617,128
618,128
619,128
620,128
621,128
622,128
623,128
624,128
625,128
626,128
627,128
628,128
629,128
630,128
631,128
632,128
633,128
634,128
635,128
608,129
609,129
610,129
611,129
612,129
613,129
614,129
615,129
616,129
617,129
618,129
619,129
620,129
621,129
622,129
623,129
624,129
625,129
626,129
627,129
628,129
629,129
630,129
631,129
632,129
633,129
634,129
635,129
608,130
609,130
610,130
611,130
612,130
613,130
614,130
615,130
616,130
617,130
618,130
619,130
620,130
621,130
622,130
623,130
624,130
625,130
626,130
627,130
628,130
629,130
630,130
631,130
632,130
633,130
634,130
635,130
608,131
609,131
610,131
611,131
612,131
613,131
614,131
615,131
616,131
617,131
618,131
619,131
620,131
621,131
622,131
623,131
624,131
625,131
626,131
627,131
628,131
629,131
630,131
631,131
632,131
633,131
634,131
635,131
